224
0 L 9 385 1
0 D 1249 385 1
0 L 5 244 1
0 D 1248 244 1
0 L 9 348 1
0 D 1247 348 1
0 L 6 362 1
0 D 1246 362 1
0 L 9 328 1
0 D 1245 328 1
0 L 9 52 1
0 D 1244 52 1
0 L 9 322 1
0 D 1243 322 1
0 L 9 285 1
0 D 1242 285 1
0 L 9 104 1
0 D 1241 104 1
0 L 7 220 1
0 D 1240 220 1
0 L 9 398 1
0 D 1239 398 1
0 L 9 265 1
0 D 1238 265 1
0 L 9 383 1
0 D 1237 383 1
0 L 9 347 1
0 D 1236 347 1
0 L 7 97 1
0 D 1235 97 1
0 L 9 104 1
0 D 1234 104 1
0 L 7 332 1
0 D 1233 332 1
0 L 9 127 1
0 D 1232 127 1
0 L 7 108 1
0 D 1231 108 1
0 L 9 114 1
0 D 1230 114 1
0 L 5 184 1
0 D 1229 184 1
0 L 9 29 1
0 D 1228 29 1
0 L 9 337 1
0 D 1227 337 1
0 L 3 233 1
0 D 1226 233 1
0 L 9 221 1
0 D 1225 221 1
0 L 7 392 1
0 D 1224 392 1
0 L 8 206 1
0 D 1223 206 1
0 L 7 392 1
0 D 1222 392 1
0 L 9 12 1
0 D 1221 12 1
0 L 9 371 1
0 D 1220 371 1
0 L 9 47 1
0 D 1219 47 1
0 L 9 252 1
0 D 1218 252 1
0 L 9 208 1
0 D 1217 208 1
0 L 0 276 1
0 D 1216 276 1
0 L 3 153 1
0 D 1215 153 1
0 L 9 191 1
0 D 1214 191 1
0 L 7 145 1
0 D 1213 145 1
0 L 6 174 1
0 D 1212 174 1
0 L 1 198 1
0 D 1211 198 1
0 L 1 28 1
0 D 1210 28 1
0 L 9 210 1
0 D 1209 210 1
0 L 6 195 1
0 D 1208 195 1
0 L 6 399 1
0 D 1207 399 1
0 L 9 266 1
0 D 1206 266 1
0 L 9 10 1
0 D 1205 10 1
0 L 9 146 1
0 D 1204 146 1
0 L 9 237 1
0 D 1203 237 1
0 L 9 297 1
0 D 1202 297 1
0 L 9 278 1
0 D 1201 278 1
0 L 9 15 1
0 D 1200 15 1
0 L 8 149 1
0 D 1199 149 1
0 L 8 130 1
0 D 1198 130 1
0 L 9 99 1
0 D 1197 99 1
0 L 5 212 1
0 D 1196 212 1
0 L 9 192 1
0 D 1195 192 1
0 L 1 316 1
0 D 1194 316 1
0 L 9 290 1
0 D 1193 290 1
0 L 4 273 1
0 D 1192 273 1
0 L 9 154 1
0 D 1191 154 1
0 L 9 128 1
0 D 1190 128 1
0 L 4 78 1
0 D 1189 78 1
0 L 6 174 1
0 D 1188 174 1
0 L 9 216 1
0 D 1187 216 1
0 L 9 263 1
0 D 1186 263 1
0 L 9 262 1
0 D 1185 262 1
0 L 0 277 1
0 D 1184 277 1
0 L 9 106 1
0 D 1183 106 1
0 L 9 76 1
0 D 1182 76 1
0 L 9 175 1
0 D 1181 175 1
0 L 3 18 1
0 D 1180 18 1
0 L 9 359 1
0 D 1179 359 1
0 L 9 104 1
0 D 1178 104 1
0 L 1 28 1
0 D 1177 28 1
0 L 9 172 1
0 D 1176 172 1
0 L 1 54 1
0 D 1175 54 1
0 L 9 375 1
0 D 1174 375 1
0 L 5 183 1
0 D 1173 183 1
0 L 9 251 1
0 D 1172 251 1
0 L 7 145 1
0 D 1171 145 1
0 L 8 117 1
0 D 1170 117 1
0 L 9 237 1
0 D 1169 237 1
0 L 9 189 1
0 D 1168 189 1
0 L 0 296 1
0 D 1167 296 1
0 L 8 312 1
0 D 1166 312 1
0 L 3 282 1
0 D 1165 282 1
0 L 9 359 1
0 D 1164 359 1
0 L 9 188 1
0 D 1163 188 1
0 L 9 36 1
0 D 1162 36 1
0 L 6 53 1
0 D 1161 53 1
0 L 9 100 1
0 D 1160 100 1
0 L 2 49 1
0 D 1159 49 1
0 L 9 150 1
0 D 1158 150 1
0 L 9 229 1
0 D 1157 229 1
0 L 9 348 1
0 D 1156 348 1
0 L 4 162 1
0 D 1155 162 1
0 L 1 349 1
0 D 1154 349 1
0 L 9 112 1
0 D 1153 112 1
0 L 9 281 1
0 D 1152 281 1
0 L 9 208 1
0 D 1151 208 1
0 L 7 180 1
0 D 1150 180 1
0 L 9 303 1
0 D 1149 303 1
0 L 9 225 1
0 D 1148 225 1
0 L 0 31 1
0 D 1147 31 1
0 L 7 331 1
0 D 1146 331 1
0 L 9 132 1
0 D 1145 132 1
0 L 9 214 1
0 D 1144 214 1
0 L 1 338 1
0 D 1143 338 1
0 L 9 126 1
0 D 1142 126 1
0 L 9 323 1
0 D 1141 323 1
0 L 8 178 1
0 D 1140 178 1
0 L 9 360 1
0 D 1139 360 1
0 L 9 242 1
0 D 1138 242 1
