200
0 L 15 773 1
0 D 999 773 1
0 L 15 552 1
0 D 998 552 1
0 L 15 1708 1
0 D 997 1708 1
0 L 15 971 1
0 D 996 971 1
0 L 15 538 1
0 D 995 538 1
0 L 15 348 1
0 D 994 348 1
0 L 14 1127 1
0 D 993 1127 1
0 L 15 1035 1
0 D 992 1035 1
0 L 15 107 1
0 D 991 107 1
0 L 15 1743 1
0 D 990 1743 1
0 L 15 1607 1
0 D 989 1607 1
0 L 15 809 1
0 D 988 809 1
0 L 15 119 1
0 D 987 119 1
0 L 15 276 1
0 D 986 276 1
0 L 15 1855 1
0 D 985 1855 1
0 L 15 412 1
0 D 984 412 1
0 L 15 26 1
0 D 983 26 1
0 L 15 1715 1
0 D 982 1715 1
0 L 14 1626 1
0 D 981 1626 1
0 L 15 1335 1
0 D 980 1335 1
0 L 15 175 1
0 D 979 175 1
0 L 15 19 1
0 D 978 19 1
0 L 15 105 1
0 D 977 105 1
0 L 15 1903 1
0 D 976 1903 1
0 L 15 54 1
0 D 975 54 1
0 L 15 1370 1
0 D 974 1370 1
0 L 15 901 1
0 D 973 901 1
0 L 14 1667 1
0 D 972 1667 1
0 L 15 678 1
0 D 971 678 1
0 L 11 968 1
0 D 970 968 1
0 L 13 4 1
0 D 969 4 1
0 L 15 1285 1
0 D 968 1285 1
0 L 15 412 1
0 D 967 412 1
0 L 15 435 1
0 D 966 435 1
0 L 15 386 1
0 D 965 386 1
0 L 14 931 1
0 D 964 931 1
0 L 15 639 1
0 D 963 639 1
0 L 15 848 1
0 D 962 848 1
0 L 15 1628 1
0 D 961 1628 1
0 L 14 1733 1
0 D 960 1733 1
0 L 15 493 1
0 D 959 493 1
0 L 15 1845 1
0 D 958 1845 1
0 L 15 1010 1
0 D 957 1010 1
0 L 15 259 1
0 D 956 259 1
0 L 15 1019 1
0 D 955 1019 1
0 L 15 86 1
0 D 954 86 1
0 L 15 1740 1
0 D 953 1740 1
0 L 15 1088 1
0 D 952 1088 1
0 L 15 1131 1
0 D 951 1131 1
0 L 15 383 1
0 D 950 383 1
0 L 15 763 1
0 D 949 763 1
0 L 15 1665 1
0 D 948 1665 1
0 L 15 1647 1
0 D 947 1647 1
0 L 15 1987 1
0 D 946 1987 1
0 L 15 1373 1
0 D 945 1373 1
0 L 15 127 1
0 D 944 127 1
0 L 15 1969 1
0 D 943 1969 1
0 L 15 1197 1
0 D 942 1197 1
0 L 15 1853 1
0 D 941 1853 1
0 L 15 1789 1
0 D 940 1789 1
0 L 15 105 1
0 D 939 105 1
0 L 15 140 1
0 D 938 140 1
0 L 14 101 1
0 D 937 101 1
0 L 15 455 1
0 D 936 455 1
0 L 14 659 1
0 D 935 659 1
0 L 15 1355 1
0 D 934 1355 1
0 L 12 592 1
0 D 933 592 1
0 L 15 1579 1
0 D 932 1579 1
0 L 15 1482 1
0 D 931 1482 1
0 L 15 899 1
0 D 930 899 1
0 L 15 1328 1
0 D 929 1328 1
0 L 15 595 1
0 D 928 595 1
0 L 15 1854 1
0 D 927 1854 1
0 L 15 468 1
0 D 926 468 1
0 L 15 560 1
0 D 925 560 1
0 L 14 893 1
0 D 924 893 1
0 L 15 940 1
0 D 923 940 1
0 L 15 286 1
0 D 922 286 1
0 L 15 1359 1
0 D 921 1359 1
0 L 15 891 1
0 D 920 891 1
0 L 15 1735 1
0 D 919 1735 1
0 L 15 488 1
0 D 918 488 1
0 L 15 1660 1
0 D 917 1660 1
0 L 15 823 1
0 D 916 823 1
0 L 15 68 1
0 D 915 68 1
0 L 15 1602 1
0 D 914 1602 1
0 L 14 520 1
0 D 913 520 1
0 L 15 111 1
0 D 912 111 1
0 L 15 576 1
0 D 911 576 1
0 L 15 765 1
0 D 910 765 1
0 L 15 975 1
0 D 909 975 1
0 L 15 753 1
0 D 908 753 1
0 L 15 1447 1
0 D 907 1447 1
0 L 14 305 1
0 D 906 305 1
0 L 15 877 1
0 D 905 877 1
0 L 15 1713 1
0 D 904 1713 1
0 L 15 1647 1
0 D 903 1647 1
0 L 14 1056 1
0 D 902 1056 1
0 L 15 1101 1
0 D 901 1101 1
0 L 13 956 1
0 D 900 956 1
