6858
0 L 9 385 1
0 D 1249 385 1
1 L 8 258 1
1 D 1249 258 1
2 L 9 15 1
2 D 1249 15 1
3 L 9 40 1
3 D 1249 40 1
4 L 5 244 1
4 D 1248 244 1
5 L 9 62 1
5 D 1248 62 1
6 L 9 265 1
6 D 1248 265 1
7 L 5 344 1
7 D 1248 344 1
8 L 4 185 1
8 D 1248 185 1
9 L 9 348 1
9 D 1247 348 1
10 L 5 364 1
10 D 1247 364 1
11 L 9 293 1
11 D 1247 293 1
12 L 9 260 1
12 D 1247 260 1
13 L 8 200 1
13 D 1247 200 1
14 L 9 288 1
14 D 1247 288 1
15 L 9 43 1
15 D 1247 43 1
16 L 2 384 1
16 D 1247 384 1
17 L 9 32 1
17 D 1247 32 1
18 L 3 6 1
18 D 1247 6 1
19 L 9 214 1
19 D 1247 214 1
20 L 8 351 1
20 D 1247 351 1
21 L 9 163 1
21 D 1247 163 1
22 L 9 360 1
22 D 1247 360 1
23 L 6 362 1
23 D 1246 362 1
24 L 9 283 1
24 D 1246 283 1
25 L 1 356 1
25 D 1246 356 1
26 L 9 58 1
26 D 1246 58 1
27 L 9 361 1
27 D 1246 361 1
28 L 9 57 1
28 D 1246 57 1
29 L 9 377 1
29 D 1246 377 1
0 L 2 302 1
0 D 1246 302 1
1 L 9 328 1
1 D 1245 328 1
2 L 9 48 1
2 D 1245 48 1
3 L 9 114 1
3 D 1245 114 1
4 L 9 69 1
4 D 1245 69 1
5 L 9 114 1
5 D 1245 114 1
6 L 4 273 1
6 D 1245 273 1
7 L 9 328 1
7 D 1245 328 1
8 L 9 164 1
8 D 1245 164 1
9 L 9 52 1
9 D 1244 52 1
10 L 7 392 1
10 D 1244 392 1
11 L 4 78 1
11 D 1244 78 1
12 L 0 33 1
12 D 1244 33 1
13 L 9 58 1
13 D 1244 58 1
14 L 9 283 1
14 D 1244 283 1
15 L 9 189 1
15 D 1244 189 1
16 L 9 215 1
16 D 1244 215 1
17 L 9 322 1
17 D 1243 322 1
18 L 0 296 1
18 D 1243 296 1
19 L 7 220 1
19 D 1243 220 1
20 L 9 57 1
20 D 1243 57 1
21 L 9 63 1
21 D 1243 63 1
22 L 9 83 1
22 D 1243 83 1
23 L 9 361 1
23 D 1243 361 1
24 L 9 21 1
24 D 1243 21 1
25 L 2 193 1
25 D 1243 193 1
26 L 9 123 1
26 D 1243 123 1
27 L 9 290 1
27 D 1243 290 1
28 L 9 285 1
28 D 1242 285 1
29 L 9 104 1
29 D 1241 104 1
0 L 8 161 1
0 D 1241 161 1
1 L 9 323 1
1 D 1241 323 1
2 L 0 277 1
2 D 1241 277 1
3 L 9 114 1
3 D 1241 114 1
4 L 8 125 1
4 D 1241 125 1
5 L 7 220 1
5 D 1240 220 1
6 L 2 30 1
6 D 1240 30 1
7 L 2 284 1
7 D 1240 284 1
8 L 9 295 1
8 D 1240 295 1
9 L 1 261 1
9 D 1240 261 1
10 L 4 306 1
10 D 1240 306 1
11 L 8 161 1
11 D 1240 161 1
12 L 5 364 1
12 D 1240 364 1
13 L 9 350 1
13 D 1240 350 1
14 L 9 398 1
14 D 1239 398 1
15 L 1 147 1
15 D 1239 147 1
16 L 9 278 1
16 D 1239 278 1
17 L 9 237 1
17 D 1239 237 1
18 L 9 242 1
18 D 1239 242 1
19 L 9 290 1
19 D 1239 290 1
20 L 7 68 1
20 D 1239 68 1
21 L 4 226 1
21 D 1239 226 1
22 L 9 32 1
22 D 1239 32 1
23 L 9 242 1
23 D 1239 242 1
24 L 9 301 1
24 D 1239 301 1
25 L 6 107 1
25 D 1239 107 1
26 L 9 85 1
26 D 1239 85 1
27 L 7 332 1
27 D 1239 332 1
28 L 9 265 1
28 D 1238 265 1
29 L 9 323 1
29 D 1238 323 1
0 L 7 320 1
0 D 1238 320 1
1 L 9 391 1
1 D 1238 391 1
2 L 9 383 1
2 D 1237 383 1
3 L 5 1 1
3 D 1237 1 1
4 L 7 145 1
4 D 1237 145 1
5 L 0 140 1
5 D 1237 140 1
6 L 9 297 1
6 D 1237 297 1
7 L 1 363 1
7 D 1237 363 1
8 L 1 261 1
8 D 1237 261 1
9 L 9 347 1
9 D 1236 347 1
10 L 3 159 1
10 D 1236 159 1
11 L 8 149 1
11 D 1236 149 1
12 L 9 203 1
12 D 1236 203 1
13 L 7 68 1
13 D 1236 68 1
14 L 3 372 1
14 D 1236 372 1
15 L 7 320 1
15 D 1236 320 1
16 L 9 299 1
16 D 1236 299 1
17 L 7 97 1
17 D 1235 97 1
18 L 6 362 1
18 D 1235 362 1
19 L 9 242 1
19 D 1235 242 1
20 L 9 104 1
20 D 1234 104 1
21 L 7 332 1
21 D 1233 332 1
22 L 9 88 1
22 D 1233 88 1
23 L 9 223 1
23 D 1233 223 1
24 L 3 282 1
24 D 1233 282 1
25 L 9 127 1
25 D 1232 127 1
26 L 9 133 1
26 D 1232 133 1
27 L 9 189 1
27 D 1232 189 1
28 L 7 97 1
28 D 1232 97 1
29 L 7 108 1
29 D 1231 108 1
0 L 9 57 1
0 D 1231 57 1
1 L 7 220 1
1 D 1231 220 1
2 L 9 287 1
2 D 1231 287 1
3 L 5 325 1
3 D 1231 325 1
4 L 0 31 1
4 D 1231 31 1
5 L 9 169 1
5 D 1231 169 1
6 L 6 142 1
6 D 1231 142 1
7 L 5 113 1
7 D 1231 113 1
8 L 9 114 1
8 D 1230 114 1
9 L 8 245 1
9 D 1230 245 1
10 L 9 386 1
10 D 1230 386 1
11 L 9 299 1
11 D 1230 299 1
12 L 9 253 1
12 D 1230 253 1
13 L 5 184 1
13 D 1229 184 1
14 L 8 41 1
14 D 1229 41 1
15 L 9 29 1
15 D 1228 29 1
16 L 9 223 1
16 D 1228 223 1
17 L 2 222 1
17 D 1228 222 1
18 L 9 350 1
18 D 1228 350 1
19 L 9 278 1
19 D 1228 278 1
20 L 2 358 1
20 D 1228 358 1
21 L 8 324 1
21 D 1228 324 1
22 L 9 70 1
22 D 1228 70 1
23 L 2 30 1
23 D 1228 30 1
24 L 9 61 1
24 D 1228 61 1
25 L 9 337 1
25 D 1227 337 1
26 L 8 66 1
26 D 1227 66 1
27 L 9 237 1
27 D 1227 237 1
28 L 0 373 1
28 D 1227 373 1
29 L 9 152 1
29 D 1227 152 1
0 L 2 309 1
0 D 1227 309 1
1 L 9 265 1
1 D 1227 265 1
2 L 9 154 1
2 D 1227 154 1
3 L 1 370 1
3 D 1227 370 1
4 L 3 233 1
4 D 1226 233 1
5 L 9 278 1
5 D 1226 278 1
6 L 0 269 1
6 D 1226 269 1
7 L 2 49 1
7 D 1226 49 1
8 L 9 75 1
8 D 1226 75 1
9 L 9 221 1
9 D 1225 221 1
10 L 9 199 1
10 D 1225 199 1
11 L 9 251 1
11 D 1225 251 1
12 L 9 126 1
12 D 1225 126 1
13 L 7 392 1
13 D 1224 392 1
14 L 9 353 1
14 D 1224 353 1
15 L 9 236 1
15 D 1224 236 1
16 L 1 171 1
16 D 1224 171 1
17 L 2 334 1
17 D 1224 334 1
18 L 7 145 1
18 D 1224 145 1
19 L 9 63 1
19 D 1224 63 1
20 L 2 284 1
20 D 1224 284 1
21 L 3 380 1
21 D 1224 380 1
22 L 8 206 1
22 D 1223 206 1
23 L 2 384 1
23 D 1223 384 1
24 L 8 367 1
24 D 1223 367 1
25 L 9 290 1
25 D 1223 290 1
26 L 3 264 1
26 D 1223 264 1
27 L 9 347 1
27 D 1223 347 1
28 L 2 49 1
28 D 1223 49 1
29 L 7 392 1
29 D 1222 392 1
0 L 9 64 1
0 D 1222 64 1
1 L 9 12 1
1 D 1221 12 1
2 L 9 314 1
2 D 1221 314 1
3 L 9 116 1
3 D 1221 116 1
4 L 7 19 1
4 D 1221 19 1
5 L 3 80 1
5 D 1221 80 1
6 L 2 55 1
6 D 1221 55 1
7 L 9 209 1
7 D 1221 209 1
8 L 6 362 1
8 D 1221 362 1
9 L 9 371 1
9 D 1220 371 1
10 L 1 211 1
10 D 1220 211 1
11 L 9 189 1
11 D 1220 189 1
12 L 8 187 1
12 D 1220 187 1
13 L 9 99 1
13 D 1220 99 1
14 L 7 180 1
14 D 1220 180 1
15 L 9 181 1
15 D 1220 181 1
16 L 9 47 1
16 D 1219 47 1
17 L 9 210 1
17 D 1219 210 1
18 L 0 168 1
18 D 1219 168 1
19 L 9 252 1
19 D 1218 252 1
20 L 9 175 1
20 D 1218 175 1
21 L 2 49 1
21 D 1218 49 1
22 L 1 171 1
22 D 1218 171 1
23 L 5 376 1
23 D 1218 376 1
24 L 5 376 1
24 D 1218 376 1
25 L 9 322 1
25 D 1218 322 1
26 L 9 47 1
26 D 1218 47 1
27 L 3 27 1
27 D 1218 27 1
28 L 9 110 1
28 D 1218 110 1
29 L 9 214 1
29 D 1218 214 1
0 L 9 50 1
0 D 1218 50 1
1 L 9 14 1
1 D 1218 14 1
2 L 7 392 1
2 D 1218 392 1
3 L 9 100 1
3 D 1218 100 1
4 L 9 208 1
4 D 1217 208 1
5 L 9 116 1
5 D 1217 116 1
6 L 6 89 1
6 D 1217 89 1
7 L 6 399 1
7 D 1217 399 1
8 L 8 267 1
8 D 1217 267 1
9 L 8 149 1
9 D 1217 149 1
10 L 9 379 1
10 D 1217 379 1
11 L 9 133 1
11 D 1217 133 1
12 L 7 220 1
12 D 1217 220 1
13 L 0 276 1
13 D 1216 276 1
14 L 9 60 1
14 D 1216 60 1
15 L 4 162 1
15 D 1216 162 1
16 L 9 382 1
16 D 1216 382 1
17 L 3 153 1
17 D 1215 153 1
18 L 9 85 1
18 D 1215 85 1
19 L 9 114 1
19 D 1215 114 1
20 L 9 210 1
20 D 1215 210 1
21 L 9 50 1
21 D 1215 50 1
22 L 9 191 1
22 D 1214 191 1
23 L 1 370 1
23 D 1214 370 1
24 L 9 371 1
24 D 1214 371 1
25 L 9 210 1
25 D 1214 210 1
26 L 1 198 1
26 D 1214 198 1
27 L 3 282 1
27 D 1214 282 1
28 L 7 145 1
28 D 1213 145 1
29 L 1 28 1
29 D 1213 28 1
0 L 9 326 1
0 D 1213 326 1
1 L 6 174 1
1 D 1212 174 1
2 L 9 160 1
2 D 1212 160 1
3 L 6 335 1
3 D 1212 335 1
4 L 4 139 1
4 D 1212 139 1
5 L 3 346 1
5 D 1212 346 1
6 L 9 133 1
6 D 1212 133 1
7 L 5 183 1
7 D 1212 183 1
8 L 7 289 1
8 D 1212 289 1
9 L 9 375 1
9 D 1212 375 1
10 L 9 197 1
10 D 1212 197 1
11 L 1 198 1
11 D 1211 198 1
12 L 9 219 1
12 D 1211 219 1
13 L 6 51 1
13 D 1211 51 1
14 L 7 17 1
14 D 1211 17 1
15 L 9 285 1
15 D 1211 285 1
16 L 1 28 1
16 D 1210 28 1
17 L 8 130 1
17 D 1210 130 1
18 L 9 26 1
18 D 1210 26 1
19 L 9 133 1
19 D 1210 133 1
20 L 9 361 1
20 D 1210 361 1
21 L 3 135 1
21 D 1210 135 1
22 L 9 283 1
22 D 1210 283 1
23 L 9 16 1
23 D 1210 16 1
24 L 8 66 1
24 D 1210 66 1
25 L 9 210 1
25 D 1209 210 1
26 L 8 125 1
26 D 1209 125 1
27 L 9 347 1
27 D 1209 347 1
28 L 7 289 1
28 D 1209 289 1
29 L 9 136 1
29 D 1209 136 1
0 L 9 70 1
0 D 1209 70 1
1 L 6 195 1
1 D 1208 195 1
2 L 8 41 1
2 D 1208 41 1
3 L 6 399 1
3 D 1207 399 1
4 L 1 28 1
4 D 1207 28 1
5 L 0 168 1
5 D 1207 168 1
6 L 9 266 1
6 D 1206 266 1
7 L 9 109 1
7 D 1206 109 1
8 L 5 113 1
8 D 1206 113 1
9 L 9 10 1
9 D 1205 10 1
10 L 0 276 1
10 D 1205 276 1
11 L 9 10 1
11 D 1205 10 1
12 L 8 5 1
12 D 1205 5 1
13 L 3 13 1
13 D 1205 13 1
14 L 6 90 1
14 D 1205 90 1
15 L 6 362 1
15 D 1205 362 1
16 L 9 164 1
16 D 1205 164 1
17 L 9 118 1
17 D 1205 118 1
18 L 9 186 1
18 D 1205 186 1
19 L 9 26 1
19 D 1205 26 1
20 L 9 146 1
20 D 1204 146 1
21 L 9 199 1
21 D 1204 199 1
22 L 4 185 1
22 D 1204 185 1
23 L 4 86 1
23 D 1204 86 1
24 L 9 12 1
24 D 1204 12 1
25 L 8 200 1
25 D 1204 200 1
26 L 9 237 1
26 D 1203 237 1
27 L 9 259 1
27 D 1203 259 1
28 L 2 388 1
28 D 1203 388 1
29 L 9 297 1
29 D 1202 297 1
0 L 3 372 1
0 D 1202 372 1
1 L 1 338 1
1 D 1202 338 1
2 L 9 83 1
2 D 1202 83 1
3 L 9 243 1
3 D 1202 243 1
4 L 9 398 1
4 D 1202 398 1
5 L 9 398 1
5 D 1202 398 1
6 L 5 184 1
6 D 1202 184 1
7 L 9 194 1
7 D 1202 194 1
8 L 9 99 1
8 D 1202 99 1
9 L 9 133 1
9 D 1202 133 1
10 L 3 346 1
10 D 1202 346 1
11 L 2 30 1
11 D 1202 30 1
12 L 9 278 1
12 D 1201 278 1
13 L 6 335 1
13 D 1201 335 1
14 L 8 322 1
14 D 1201 322 1
15 L 9 76 1
15 D 1201 76 1
16 L 9 15 1
16 D 1200 15 1
17 L 9 100 1
17 D 1200 100 1
18 L 9 15 1
18 D 1200 15 1
19 L 9 154 1
19 D 1200 154 1
20 L 7 320 1
20 D 1200 320 1
21 L 9 203 1
21 D 1200 203 1
22 L 2 44 1
22 D 1200 44 1
23 L 9 348 1
23 D 1200 348 1
24 L 8 130 1
24 D 1200 130 1
25 L 9 76 1
25 D 1200 76 1
26 L 0 247 1
26 D 1200 247 1
27 L 4 162 1
27 D 1200 162 1
28 L 1 333 1
28 D 1200 333 1
29 L 8 149 1
29 D 1199 149 1
0 L 9 10 1
0 D 1199 10 1
1 L 9 287 1
1 D 1199 287 1
2 L 8 130 1
2 D 1198 130 1
3 L 9 129 1
3 D 1198 129 1
4 L 7 97 1
4 D 1198 97 1
5 L 6 90 1
5 D 1198 90 1
6 L 0 92 1
6 D 1198 92 1
7 L 8 66 1
7 D 1198 66 1
8 L 9 69 1
8 D 1198 69 1
9 L 9 2 1
9 D 1198 2 1
10 L 9 99 1
10 D 1197 99 1
11 L 9 192 1
11 D 1197 192 1
12 L 9 201 1
12 D 1197 201 1
13 L 7 97 1
13 D 1197 97 1
14 L 8 161 1
14 D 1197 161 1
15 L 9 85 1
15 D 1197 85 1
16 L 9 63 1
16 D 1197 63 1
17 L 5 71 1
17 D 1197 71 1
18 L 9 43 1
18 D 1197 43 1
19 L 8 290 1
19 D 1197 290 1
20 L 9 138 1
20 D 1197 138 1
21 L 9 106 1
21 D 1197 106 1
22 L 5 212 1
22 D 1196 212 1
23 L 9 340 1
23 D 1196 340 1
24 L 9 57 1
24 D 1196 57 1
25 L 7 17 1
25 D 1196 17 1
26 L 3 372 1
26 D 1196 372 1
27 L 1 316 1
27 D 1196 316 1
28 L 7 15 1
28 D 1196 15 1
29 L 9 192 1
29 D 1195 192 1
0 L 3 153 1
0 D 1195 153 1
1 L 9 136 1
1 D 1195 136 1
2 L 1 316 1
2 D 1194 316 1
3 L 9 154 1
3 D 1194 154 1
4 L 2 7 1
4 D 1194 7 1
5 L 8 290 1
5 D 1193 290 1
6 L 1 338 1
6 D 1193 338 1
7 L 9 52 1
7 D 1193 52 1
8 L 9 225 1
8 D 1193 225 1
9 L 5 376 1
9 D 1193 376 1
10 L 4 273 1
10 D 1192 273 1
11 L 9 293 1
11 D 1192 293 1
12 L 9 371 1
12 D 1192 371 1
13 L 9 205 1
13 D 1192 205 1
14 L 8 312 1
14 D 1192 312 1
15 L 9 378 1
15 D 1192 378 1
16 L 9 16 1
16 D 1192 16 1
17 L 9 154 1
17 D 1191 154 1
18 L 9 2 1
18 D 1191 2 1
19 L 9 128 1
19 D 1190 128 1
20 L 0 373 1
20 D 1190 373 1
21 L 8 125 1
21 D 1190 125 1
22 L 7 332 1
22 D 1190 332 1
23 L 9 50 1
23 D 1190 50 1
24 L 5 212 1
24 D 1190 212 1
25 L 9 278 1
25 D 1190 278 1
26 L 4 78 1
26 D 1189 78 1
27 L 3 153 1
27 D 1189 153 1
28 L 9 167 1
28 D 1189 167 1
29 L 7 19 1
29 D 1189 19 1
0 L 9 45 1
0 D 1189 45 1
1 L 5 71 1
1 D 1189 71 1
2 L 7 19 1
2 D 1189 19 1
3 L 8 130 1
3 D 1189 130 1
4 L 2 388 1
4 D 1189 388 1
5 L 9 100 1
5 D 1189 100 1
6 L 6 174 1
6 D 1188 174 1
7 L 7 97 1
7 D 1188 97 1
8 L 4 306 1
8 D 1188 306 1
9 L 6 107 1
9 D 1188 107 1
10 L 9 64 1
10 D 1188 64 1
11 L 9 46 1
11 D 1188 46 1
12 L 9 106 1
12 D 1188 106 1
13 L 8 315 1
13 D 1188 315 1
14 L 9 259 1
14 D 1188 259 1
15 L 0 140 1
15 D 1188 140 1
16 L 2 49 1
16 D 1188 49 1
17 L 9 216 1
17 D 1187 216 1
18 L 9 383 1
18 D 1187 383 1
19 L 9 189 1
19 D 1187 189 1
20 L 9 81 1
20 D 1187 81 1
21 L 9 58 1
21 D 1187 58 1
22 L 8 130 1
22 D 1187 130 1
23 L 9 263 1
23 D 1186 263 1
24 L 9 262 1
24 D 1186 262 1
25 L 9 262 1
25 D 1185 262 1
26 L 9 347 1
26 D 1185 347 1
27 L 4 162 1
27 D 1185 162 1
28 L 9 63 1
28 D 1185 63 1
29 L 9 353 1
29 D 1185 353 1
0 L 7 15 1
0 D 1185 15 1
1 L 9 283 1
1 D 1185 283 1
2 L 5 184 1
2 D 1185 184 1
3 L 2 319 1
3 D 1185 319 1
4 L 9 95 1
4 D 1185 95 1
5 L 9 382 1
5 D 1185 382 1
6 L 9 241 1
6 D 1185 241 1
7 L 0 277 1
7 D 1184 277 1
8 L 9 221 1
8 D 1184 221 1
9 L 9 235 1
9 D 1184 235 1
10 L 9 369 1
10 D 1184 369 1
11 L 9 106 1
11 D 1183 106 1
12 L 3 264 1
12 D 1183 264 1
13 L 9 26 1
13 D 1183 26 1
14 L 9 76 1
14 D 1182 76 1
15 L 7 320 1
15 D 1182 320 1
16 L 9 175 1
16 D 1181 175 1
17 L 6 399 1
17 D 1181 399 1
18 L 8 387 1
18 D 1181 387 1
19 L 9 126 1
19 D 1181 126 1
20 L 1 198 1
20 D 1181 198 1
21 L 9 337 1
21 D 1181 337 1
22 L 3 18 1
22 D 1180 18 1
23 L 9 163 1
23 D 1180 163 1
24 L 9 14 1
24 D 1180 14 1
25 L 9 163 1
25 D 1180 163 1
26 L 3 18 1
26 D 1180 18 1
27 L 9 201 1
27 D 1180 201 1
28 L 9 116 1
28 D 1180 116 1
29 L 6 399 1
29 D 1180 399 1
0 L 4 86 1
0 D 1180 86 1
1 L 9 239 1
1 D 1180 239 1
2 L 8 260 1
2 D 1180 260 1
3 L 9 278 1
3 D 1180 278 1
4 L 9 136 1
4 D 1180 136 1
5 L 7 97 1
5 D 1180 97 1
6 L 9 359 1
6 D 1179 359 1
7 L 5 184 1
7 D 1179 184 1
8 L 6 335 1
8 D 1179 335 1
9 L 8 315 1
9 D 1179 315 1
10 L 8 246 1
10 D 1179 246 1
11 L 2 384 1
11 D 1179 384 1
12 L 9 104 1
12 D 1178 104 1
13 L 9 382 1
13 D 1178 382 1
14 L 9 390 1
14 D 1178 390 1
15 L 8 67 1
15 D 1178 67 1
16 L 9 201 1
16 D 1178 201 1
17 L 1 28 1
17 D 1177 28 1
18 L 2 30 1
18 D 1177 30 1
19 L 8 41 1
19 D 1177 41 1
20 L 1 316 1
20 D 1177 316 1
21 L 9 172 1
21 D 1176 172 1
22 L 9 129 1
22 D 1176 129 1
23 L 9 398 1
23 D 1176 398 1
24 L 1 54 1
24 D 1175 54 1
25 L 8 149 1
25 D 1175 149 1
26 L 9 132 1
26 D 1175 132 1
27 L 9 189 1
27 D 1175 189 1
28 L 9 375 1
28 D 1174 375 1
29 L 9 58 1
29 D 1174 58 1
0 L 1 54 1
0 D 1174 54 1
1 L 9 154 1
1 D 1174 154 1
2 L 7 145 1
2 D 1174 145 1
3 L 5 183 1
3 D 1173 183 1
4 L 8 125 1
4 D 1173 125 1
5 L 2 284 1
5 D 1173 284 1
6 L 9 221 1
6 D 1173 221 1
7 L 5 232 1
7 D 1173 232 1
8 L 9 172 1
8 D 1173 172 1
9 L 9 208 1
9 D 1173 208 1
10 L 9 216 1
10 D 1173 216 1
11 L 9 61 1
11 D 1173 61 1
12 L 0 296 1
12 D 1173 296 1
13 L 9 251 1
13 D 1172 251 1
14 L 8 5 1
14 D 1172 5 1
15 L 9 218 1
15 D 1172 218 1
16 L 9 326 1
16 D 1172 326 1
17 L 9 133 1
17 D 1172 133 1
18 L 7 105 1
18 D 1172 105 1
19 L 9 124 1
19 D 1172 124 1
20 L 9 114 1
20 D 1172 114 1
21 L 9 100 1
21 D 1172 100 1
22 L 9 85 1
22 D 1172 85 1
23 L 7 145 1
23 D 1171 145 1
24 L 9 396 1
24 D 1171 396 1
25 L 9 32 1
25 D 1171 32 1
26 L 9 347 1
26 D 1171 347 1
27 L 0 31 1
27 D 1171 31 1
28 L 4 11 1
28 D 1171 11 1
29 L 9 242 1
29 D 1171 242 1
0 L 6 365 1
0 D 1171 365 1
1 L 8 117 1
1 D 1170 117 1
2 L 9 99 1
2 D 1170 99 1
3 L 9 64 1
3 D 1170 64 1
4 L 0 373 1
4 D 1170 373 1
5 L 9 237 1
5 D 1169 237 1
6 L 9 288 1
6 D 1169 288 1
7 L 6 399 1
7 D 1169 399 1
8 L 8 165 1
8 D 1169 165 1
9 L 9 189 1
9 D 1168 189 1
10 L 9 96 1
10 D 1168 96 1
11 L 8 57 1
11 D 1168 57 1
12 L 9 151 1
12 D 1168 151 1
13 L 9 2 1
13 D 1168 2 1
14 L 5 286 1
14 D 1168 286 1
15 L 9 172 1
15 D 1168 172 1
16 L 9 35 1
16 D 1168 35 1
17 L 0 296 1
17 D 1167 296 1
18 L 9 35 1
18 D 1167 35 1
19 L 8 22 1
19 D 1167 22 1
20 L 9 81 1
20 D 1167 81 1
21 L 9 242 1
21 D 1167 242 1
22 L 9 38 1
22 D 1167 38 1
23 L 8 312 1
23 D 1166 312 1
24 L 2 49 1
24 D 1166 49 1
25 L 7 105 1
25 D 1166 105 1
26 L 0 269 1
26 D 1166 269 1
27 L 6 142 1
27 D 1166 142 1
28 L 9 201 1
28 D 1166 201 1
29 L 9 119 1
29 D 1166 119 1
0 L 0 103 1
0 D 1166 103 1
1 L 2 388 1
1 D 1166 388 1
2 L 8 130 1
2 D 1166 130 1
3 L 9 74 1
3 D 1166 74 1
4 L 6 362 1
4 D 1166 362 1
5 L 3 282 1
5 D 1165 282 1
6 L 4 86 1
6 D 1165 86 1
7 L 8 322 1
7 D 1165 322 1
8 L 7 331 1
8 D 1165 331 1
9 L 8 125 1
9 D 1165 125 1
10 L 1 147 1
10 D 1165 147 1
11 L 9 225 1
11 D 1165 225 1
12 L 9 359 1
12 D 1164 359 1
13 L 1 28 1
13 D 1164 28 1
14 L 9 188 1
14 D 1163 188 1
15 L 9 109 1
15 D 1163 109 1
16 L 9 101 1
16 D 1163 101 1
17 L 1 349 1
17 D 1163 349 1
18 L 0 276 1
18 D 1163 276 1
19 L 4 185 1
19 D 1163 185 1
20 L 3 153 1
20 D 1163 153 1
21 L 1 198 1
21 D 1163 198 1
22 L 8 178 1
22 D 1163 178 1
23 L 9 104 1
23 D 1163 104 1
24 L 9 127 1
24 D 1163 127 1
25 L 9 75 1
25 D 1163 75 1
26 L 9 398 1
26 D 1163 398 1
27 L 9 163 1
27 D 1163 163 1
28 L 9 36 1
28 D 1162 36 1
29 L 9 32 1
29 D 1162 32 1
0 L 0 272 1
0 D 1162 272 1
1 L 9 16 1
1 D 1162 16 1
2 L 6 53 1
2 D 1161 53 1
3 L 7 289 1
3 D 1161 289 1
4 L 8 260 1
4 D 1161 260 1
5 L 9 283 1
5 D 1161 283 1
6 L 9 100 1
6 D 1160 100 1
7 L 1 356 1
7 D 1160 356 1
8 L 9 391 1
8 D 1160 391 1
9 L 6 238 1
9 D 1160 238 1
10 L 2 49 1
10 D 1159 49 1
11 L 0 296 1
11 D 1159 296 1
12 L 9 175 1
12 D 1159 175 1
13 L 8 82 1
13 D 1159 82 1
14 L 0 296 1
14 D 1159 296 1
15 L 9 383 1
15 D 1159 383 1
16 L 9 275 1
16 D 1159 275 1
17 L 0 272 1
17 D 1159 272 1
18 L 3 27 1
18 D 1159 27 1
19 L 9 215 1
19 D 1159 215 1
20 L 9 150 1
20 D 1158 150 1
21 L 9 299 1
21 D 1158 299 1
22 L 9 133 1
22 D 1158 133 1
23 L 6 107 1
23 D 1158 107 1
24 L 3 341 1
24 D 1158 341 1
25 L 9 120 1
25 D 1158 120 1
26 L 9 136 1
26 D 1158 136 1
27 L 9 328 1
27 D 1158 328 1
28 L 8 125 1
28 D 1158 125 1
29 L 1 370 1
29 D 1158 370 1
0 L 0 92 1
0 D 1158 92 1
1 L 9 216 1
1 D 1158 216 1
2 L 9 275 1
2 D 1158 275 1
3 L 9 229 1
3 D 1157 229 1
4 L 3 380 1
4 D 1157 380 1
5 L 8 278 1
5 D 1157 278 1
6 L 5 286 1
6 D 1157 286 1
7 L 9 348 1
7 D 1156 348 1
8 L 0 296 1
8 D 1156 296 1
9 L 4 306 1
9 D 1156 306 1
10 L 9 188 1
10 D 1156 188 1
11 L 9 382 1
11 D 1156 382 1
12 L 4 78 1
12 D 1156 78 1
13 L 8 278 1
13 D 1156 278 1
14 L 4 162 1
14 D 1155 162 1
15 L 9 96 1
15 D 1155 96 1
16 L 2 30 1
16 D 1155 30 1
17 L 8 279 1
17 D 1155 279 1
18 L 9 371 1
18 D 1155 371 1
19 L 9 154 1
19 D 1155 154 1
20 L 7 57 1
20 D 1155 57 1
21 L 9 104 1
21 D 1155 104 1
22 L 9 396 1
22 D 1155 396 1
23 L 8 172 1
23 D 1155 172 1
24 L 0 271 1
24 D 1155 271 1
25 L 7 320 1
25 D 1155 320 1
26 L 9 313 1
26 D 1155 313 1
27 L 1 349 1
27 D 1154 349 1
28 L 9 112 1
28 D 1153 112 1
29 L 8 279 1
29 D 1153 279 1
0 L 9 242 1
0 D 1153 242 1
1 L 1 338 1
1 D 1153 338 1
2 L 5 286 1
2 D 1153 286 1
3 L 9 371 1
3 D 1153 371 1
4 L 5 286 1
4 D 1153 286 1
5 L 9 237 1
5 D 1153 237 1
6 L 8 124 1
6 D 1153 124 1
7 L 0 249 1
7 D 1153 249 1
8 L 9 281 1
8 D 1152 281 1
9 L 1 261 1
9 D 1152 261 1
10 L 5 244 1
10 D 1152 244 1
11 L 9 375 1
11 D 1152 375 1
12 L 9 104 1
12 D 1152 104 1
13 L 8 278 1
13 D 1152 278 1
14 L 8 279 1
14 D 1152 279 1
15 L 6 208 1
15 D 1151 208 1
16 L 9 239 1
16 D 1151 239 1
17 L 5 286 1
17 D 1151 286 1
18 L 5 180 1
18 D 1150 180 1
19 L 9 329 1
19 D 1150 329 1
20 L 6 174 1
20 D 1150 174 1
21 L 0 179 1
21 D 1150 179 1
22 L 5 344 1
22 D 1150 344 1
23 L 8 285 1
23 D 1150 285 1
24 L 0 157 1
24 D 1150 157 1
25 L 9 303 1
25 D 1149 303 1
26 L 0 277 1
26 D 1149 277 1
27 L 9 337 1
27 D 1149 337 1
28 L 9 361 1
28 D 1149 361 1
29 L 8 278 1
29 D 1149 278 1
0 L 3 27 1
0 D 1149 27 1
1 L 9 203 1
1 D 1149 203 1
2 L 9 225 1
2 D 1148 225 1
3 L 9 314 1
3 D 1148 314 1
4 L 9 243 1
4 D 1148 243 1
5 L 3 135 1
5 D 1148 135 1
6 L 9 214 1
6 D 1148 214 1
7 L 0 182 1
7 D 1148 182 1
8 L 9 396 1
8 D 1148 396 1
9 L 8 279 1
9 D 1148 279 1
10 L 8 41 1
10 D 1148 41 1
11 L 9 270 1
11 D 1148 270 1
12 L 0 31 1
12 D 1147 31 1
13 L 9 214 1
13 D 1147 214 1
14 L 7 331 1
14 D 1146 331 1
15 L 9 58 1
15 D 1146 58 1
16 L 3 346 1
16 D 1146 346 1
17 L 1 198 1
17 D 1146 198 1
18 L 9 132 1
18 D 1145 132 1
19 L 9 8 1
19 D 1145 8 1
20 L 8 149 1
20 D 1145 149 1
21 L 9 16 1
21 D 1145 16 1
22 L 9 287 1
22 D 1145 287 1
23 L 6 362 1
23 D 1145 362 1
24 L 9 347 1
24 D 1145 347 1
25 L 5 183 1
25 D 1145 183 1
26 L 9 214 1
26 D 1144 214 1
27 L 7 105 1
27 D 1144 105 1
28 L 9 270 1
28 D 1144 270 1
29 L 3 153 1
29 D 1144 153 1
0 L 8 367 1
0 D 1144 367 1
1 L 1 338 1
1 D 1143 338 1
2 L 9 133 1
2 D 1143 133 1
3 L 7 57 1
3 D 1143 57 1
4 L 9 270 1
4 D 1143 270 1
5 L 3 153 1
5 D 1143 153 1
6 L 8 126 1
6 D 1142 126 1
7 L 1 370 1
7 D 1142 370 1
8 L 9 154 1
8 D 1142 154 1
9 L 9 216 1
9 D 1142 216 1
10 L 9 369 1
10 D 1142 369 1
11 L 9 293 1
11 D 1142 293 1
12 L 7 145 1
12 D 1142 145 1
13 L 9 60 1
13 D 1142 60 1
14 L 9 323 1
14 D 1141 323 1
15 L 9 350 1
15 D 1141 350 1
16 L 9 295 1
16 D 1141 295 1
17 L 2 87 1
17 D 1141 87 1
18 L 8 267 1
18 D 1141 267 1
19 L 0 72 1
19 D 1141 72 1
20 L 7 192 1
20 D 1141 192 1
21 L 9 297 1
21 D 1141 297 1
22 L 9 133 1
22 D 1141 133 1
23 L 0 157 1
23 D 1141 157 1
24 L 8 178 1
24 D 1140 178 1
25 L 6 278 1
25 D 1140 278 1
26 L 9 287 1
26 D 1140 287 1
27 L 9 396 1
27 D 1140 396 1
28 L 4 11 1
28 D 1140 11 1
29 L 6 107 1
29 D 1140 107 1
0 L 6 238 1
0 D 1140 238 1
1 L 9 216 1
1 D 1140 216 1
2 L 9 360 1
2 D 1139 360 1
3 L 3 27 1
3 D 1139 27 1
4 L 0 157 1
4 D 1139 157 1
5 L 8 41 1
5 D 1139 41 1
6 L 9 129 1
6 D 1139 129 1
7 L 9 242 1
7 D 1138 242 1
8 L 3 80 1
8 D 1138 80 1
9 L 9 354 1
9 D 1138 354 1
10 L 0 179 1
10 D 1138 179 1
11 L 0 277 1
11 D 1138 277 1
12 L 9 194 1
12 D 1138 194 1
13 L 1 28 1
13 D 1138 28 1
14 L 8 252 1
14 D 1138 252 1
15 L 9 133 1
15 D 1138 133 1
16 L 8 257 1
16 D 1138 257 1
17 L 9 219 1
17 D 1138 219 1
18 L 6 321 1
18 D 1138 321 1
19 L 2 87 1
19 D 1138 87 1
20 L 3 346 1
20 D 1138 346 1
21 L 9 299 1
21 D 1137 299 1
22 L 9 181 1
22 D 1137 181 1
23 L 9 138 1
23 D 1137 138 1
24 L 8 41 1
24 D 1137 41 1
25 L 2 284 1
25 D 1137 284 1
26 L 5 286 1
26 D 1137 286 1
27 L 1 198 1
27 D 1137 198 1
28 L 4 394 1
28 D 1137 394 1
29 L 6 278 1
29 D 1137 278 1
0 L 9 173 1
0 D 1136 173 1
1 L 9 46 1
1 D 1136 46 1
2 L 8 239 1
2 D 1136 239 1
3 L 9 201 1
3 D 1136 201 1
4 L 9 283 1
4 D 1136 283 1
5 L 7 68 1
5 D 1136 68 1
6 L 1 54 1
6 D 1135 54 1
7 L 9 98 1
7 D 1135 98 1
8 L 3 228 1
8 D 1135 228 1
9 L 9 32 1
9 D 1135 32 1
10 L 9 235 1
10 D 1135 235 1
11 L 9 283 1
11 D 1135 283 1
12 L 9 383 1
12 D 1135 383 1
13 L 6 142 1
13 D 1135 142 1
14 L 7 123 1
14 D 1135 123 1
15 L 2 158 1
15 D 1135 158 1
16 L 2 384 1
16 D 1135 384 1
17 L 9 52 1
17 D 1134 52 1
18 L 8 26 1
18 D 1134 26 1
19 L 4 306 1
19 D 1133 306 1
20 L 9 191 1
20 D 1133 191 1
21 L 8 245 1
21 D 1133 245 1
22 L 7 145 1
22 D 1133 145 1
23 L 6 329 1
23 D 1132 329 1
24 L 9 25 1
24 D 1132 25 1
25 L 7 299 1
25 D 1132 299 1
26 L 2 388 1
26 D 1132 388 1
27 L 9 96 1
27 D 1132 96 1
28 L 9 221 1
28 D 1132 221 1
29 L 9 237 1
29 D 1131 237 1
0 L 9 345 1
0 D 1131 345 1
1 L 6 238 1
1 D 1131 238 1
2 L 9 52 1
2 D 1131 52 1
3 L 6 238 1
3 D 1131 238 1
4 L 8 252 1
4 D 1131 252 1
5 L 3 282 1
5 D 1131 282 1
6 L 9 16 1
6 D 1131 16 1
7 L 0 168 1
7 D 1131 168 1
8 L 8 22 1
8 D 1131 22 1
9 L 6 399 1
9 D 1130 399 1
10 L 5 71 1
10 D 1130 71 1
11 L 9 386 1
11 D 1130 386 1
12 L 9 167 1
12 D 1130 167 1
13 L 8 312 1
13 D 1130 312 1
14 L 9 218 1
14 D 1129 218 1
15 L 7 191 1
15 D 1129 191 1
16 L 8 165 1
16 D 1129 165 1
17 L 8 203 1
17 D 1129 203 1
18 L 4 273 1
18 D 1129 273 1
19 L 8 355 1
19 D 1129 355 1
20 L 7 283 1
20 D 1129 283 1
21 L 5 286 1
21 D 1129 286 1
22 L 2 158 1
22 D 1129 158 1
23 L 9 201 1
23 D 1129 201 1
24 L 9 100 1
24 D 1129 100 1
25 L 9 38 1
25 D 1129 38 1
26 L 9 110 1
26 D 1129 110 1
27 L 9 301 1
27 D 1129 301 1
28 L 9 45 1
28 D 1129 45 1
29 L 5 71 1
29 D 1129 71 1
0 L 7 108 1
0 D 1129 108 1
1 L 9 120 1
1 D 1129 120 1
2 L 9 219 1
2 D 1128 219 1
3 L 7 289 1
3 D 1128 289 1
4 L 9 398 1
4 D 1128 398 1
5 L 8 326 1
5 D 1128 326 1
6 L 9 110 1
6 D 1127 110 1
7 L 7 331 1
7 D 1127 331 1
8 L 0 272 1
8 D 1127 272 1
9 L 8 66 1
9 D 1127 66 1
10 L 3 372 1
10 D 1127 372 1
11 L 7 336 1
11 D 1127 336 1
12 L 9 8 1
12 D 1127 8 1
13 L 9 181 1
13 D 1127 181 1
14 L 7 19 1
14 D 1127 19 1
15 L 9 214 1
15 D 1126 214 1
16 L 5 232 1
16 D 1126 232 1
17 L 9 353 1
17 D 1126 353 1
18 L 8 252 1
18 D 1126 252 1
19 L 9 218 1
19 D 1126 218 1
20 L 5 113 1
20 D 1126 113 1
21 L 9 100 1
21 D 1126 100 1
22 L 9 216 1
22 D 1126 216 1
23 L 1 54 1
23 D 1126 54 1
24 L 9 218 1
24 D 1126 218 1
25 L 6 90 1
25 D 1126 90 1
26 L 2 284 1
26 D 1126 284 1
27 L 3 372 1
27 D 1126 372 1
28 L 9 301 1
28 D 1126 301 1
29 L 9 76 1
29 D 1125 76 1
0 L 9 128 1
0 D 1125 128 1
1 L 6 208 1
1 D 1125 208 1
2 L 9 255 1
2 D 1125 255 1
3 L 6 51 1
3 D 1125 51 1
4 L 5 364 1
4 D 1125 364 1
5 L 9 297 1
5 D 1125 297 1
6 L 9 129 1
6 D 1125 129 1
7 L 9 377 1
7 D 1125 377 1
8 L 3 80 1
8 D 1125 80 1
9 L 8 257 1
9 D 1125 257 1
10 L 9 190 1
10 D 1125 190 1
11 L 7 105 1
11 D 1125 105 1
12 L 3 282 1
12 D 1125 282 1
13 L 9 96 1
13 D 1125 96 1
14 L 9 45 1
14 D 1125 45 1
15 L 9 348 1
15 D 1125 348 1
16 L 9 255 1
16 D 1125 255 1
17 L 9 323 1
17 D 1124 323 1
18 L 9 46 1
18 D 1124 46 1
19 L 9 164 1
19 D 1124 164 1
20 L 8 137 1
20 D 1124 137 1
21 L 6 274 1
21 D 1123 274 1
22 L 9 375 1
22 D 1123 375 1
23 L 7 200 1
23 D 1123 200 1
24 L 7 332 1
24 D 1123 332 1
25 L 6 217 1
25 D 1122 217 1
26 L 9 127 1
26 D 1122 127 1
27 L 9 253 1
27 D 1122 253 1
28 L 1 325 1
28 D 1122 325 1
29 L 3 159 1
29 D 1122 159 1
0 L 8 398 1
0 D 1122 398 1
1 L 9 16 1
1 D 1122 16 1
2 L 9 303 1
2 D 1122 303 1
3 L 9 106 1
3 D 1122 106 1
4 L 9 188 1
4 D 1122 188 1
5 L 9 167 1
5 D 1121 167 1
6 L 1 211 1
6 D 1121 211 1
7 L 9 47 1
7 D 1120 47 1
8 L 3 224 1
8 D 1120 224 1
9 L 5 286 1
9 D 1120 286 1
10 L 6 51 1
10 D 1120 51 1
11 L 9 29 1
11 D 1120 29 1
12 L 9 348 1
12 D 1120 348 1
13 L 5 344 1
13 D 1120 344 1
14 L 8 312 1
14 D 1120 312 1
15 L 8 398 1
15 D 1120 398 1
16 L 8 149 1
16 D 1120 149 1
17 L 7 191 1
17 D 1120 191 1
18 L 5 23 1
18 D 1120 23 1
19 L 9 214 1
19 D 1120 214 1
20 L 9 280 1
20 D 1120 280 1
21 L 8 293 1
21 D 1120 293 1
22 L 2 166 1
22 D 1119 166 1
23 L 9 350 1
23 D 1119 350 1
24 L 7 105 1
24 D 1118 105 1
25 L 7 260 1
25 D 1118 260 1
26 L 9 141 1
26 D 1118 141 1
27 L 9 164 1
27 D 1118 164 1
28 L 9 116 1
28 D 1118 116 1
29 L 2 49 1
29 D 1117 49 1
0 L 9 265 1
0 D 1117 265 1
1 L 9 201 1
1 D 1117 201 1
2 L 6 365 1
2 D 1117 365 1
3 L 7 201 1
3 D 1117 201 1
4 L 9 189 1
4 D 1117 189 1
5 L 9 386 1
5 D 1116 386 1
6 L 2 158 1
6 D 1116 158 1
7 L 9 390 1
7 D 1115 390 1
8 L 9 58 1
8 D 1115 58 1
9 L 9 10 1
9 D 1115 10 1
10 L 9 160 1
10 D 1114 160 1
11 L 8 252 1
11 D 1114 252 1
12 L 3 228 1
12 D 1114 228 1
13 L 2 358 1
13 D 1114 358 1
14 L 7 105 1
14 D 1114 105 1
15 L 2 284 1
15 D 1114 284 1
16 L 9 136 1
16 D 1114 136 1
17 L 5 180 1
17 D 1114 180 1
18 L 5 364 1
18 D 1114 364 1
19 L 9 221 1
19 D 1114 221 1
20 L 5 376 1
20 D 1113 376 1
21 L 9 251 1
21 D 1113 251 1
22 L 5 364 1
22 D 1113 364 1
23 L 7 192 1
23 D 1113 192 1
24 L 1 261 1
24 D 1113 261 1
25 L 9 375 1
25 D 1113 375 1
26 L 5 1 1
26 D 1113 1 1
27 L 8 307 1
27 D 1113 307 1
28 L 9 323 1
28 D 1113 323 1
29 L 9 40 1
29 D 1113 40 1
0 L 8 178 1
0 D 1113 178 1
1 L 8 100 1
1 D 1113 100 1
2 L 9 61 1
2 D 1113 61 1
3 L 9 218 1
3 D 1113 218 1
4 L 8 292 1
4 D 1113 292 1
5 L 9 360 1
5 D 1112 360 1
6 L 9 374 1
6 D 1112 374 1
7 L 9 83 1
7 D 1112 83 1
8 L 3 6 1
8 D 1112 6 1
9 L 1 349 1
9 D 1112 349 1
10 L 0 157 1
10 D 1112 157 1
11 L 9 227 1
11 D 1112 227 1
12 L 8 383 1
12 D 1112 383 1
13 L 8 110 1
13 D 1111 110 1
14 L 9 99 1
14 D 1111 99 1
15 L 9 81 1
15 D 1111 81 1
16 L 9 132 1
16 D 1111 132 1
17 L 9 350 1
17 D 1111 350 1
18 L 8 218 1
18 D 1111 218 1
19 L 9 151 1
19 D 1111 151 1
20 L 7 283 1
20 D 1111 283 1
21 L 8 41 1
21 D 1111 41 1
22 L 2 100 1
22 D 1111 100 1
23 L 3 282 1
23 D 1111 282 1
24 L 9 348 1
24 D 1110 348 1
25 L 9 265 1
25 D 1110 265 1
26 L 7 283 1
26 D 1110 283 1
27 L 2 384 1
27 D 1110 384 1
28 L 9 327 1
28 D 1110 327 1
29 L 9 205 1
29 D 1110 205 1
0 L 7 293 1
0 D 1110 293 1
1 L 2 7 1
1 D 1110 7 1
2 L 2 323 1
2 D 1110 323 1
3 L 5 71 1
3 D 1110 71 1
4 L 4 139 1
4 D 1110 139 1
5 L 7 105 1
5 D 1110 105 1
6 L 8 66 1
6 D 1110 66 1
7 L 6 174 1
7 D 1110 174 1
8 L 9 136 1
8 D 1110 136 1
9 L 9 14 1
9 D 1110 14 1
10 L 9 345 1
10 D 1110 345 1
11 L 9 396 1
11 D 1109 396 1
12 L 8 83 1
12 D 1109 83 1
13 L 6 385 1
13 D 1109 385 1
14 L 3 372 1
14 D 1109 372 1
15 L 5 71 1
15 D 1109 71 1
16 L 9 268 1
16 D 1109 268 1
17 L 3 346 1
17 D 1109 346 1
18 L 9 136 1
18 D 1109 136 1
19 L 9 262 1
19 D 1109 262 1
20 L 6 278 1
20 D 1109 278 1
21 L 3 153 1
21 D 1109 153 1
22 L 5 184 1
22 D 1108 184 1
23 L 0 249 1
23 D 1108 249 1
24 L 9 241 1
24 D 1108 241 1
25 L 7 283 1
25 D 1108 283 1
26 L 9 250 1
26 D 1108 250 1
27 L 8 149 1
27 D 1108 149 1
28 L 7 145 1
28 D 1108 145 1
29 L 2 302 1
29 D 1108 302 1
0 L 9 396 1
0 D 1107 396 1
1 L 9 236 1
1 D 1107 236 1
2 L 9 151 1
2 D 1107 151 1
3 L 8 172 1
3 D 1107 172 1
4 L 6 51 1
4 D 1107 51 1
5 L 6 362 1
5 D 1107 362 1
6 L 8 99 1
6 D 1107 99 1
7 L 8 279 1
7 D 1107 279 1
8 L 3 372 1
8 D 1107 372 1
9 L 9 88 1
9 D 1107 88 1
10 L 9 318 1
10 D 1107 318 1
11 L 2 284 1
11 D 1107 284 1
12 L 7 210 1
12 D 1107 210 1
13 L 9 188 1
13 D 1106 188 1
14 L 8 41 1
14 D 1106 41 1
15 L 8 398 1
15 D 1106 398 1
16 L 9 119 1
16 D 1106 119 1
17 L 7 210 1
17 D 1106 210 1
18 L 2 302 1
18 D 1106 302 1
19 L 8 41 1
19 D 1106 41 1
20 L 9 301 1
20 D 1106 301 1
21 L 7 124 1
21 D 1106 124 1
22 L 9 375 1
22 D 1106 375 1
23 L 9 221 1
23 D 1106 221 1
24 L 9 265 1
24 D 1106 265 1
25 L 7 289 1
25 D 1106 289 1
26 L 8 312 1
26 D 1106 312 1
27 L 9 175 1
27 D 1106 175 1
28 L 7 68 1
28 D 1106 68 1
29 L 5 344 1
29 D 1105 344 1
0 L 2 334 1
0 D 1105 334 1
1 L 3 282 1
1 D 1105 282 1
2 L 9 167 1
2 D 1105 167 1
3 L 9 115 1
3 D 1105 115 1
4 L 9 132 1
4 D 1105 132 1
5 L 4 78 1
5 D 1105 78 1
6 L 9 14 1
6 D 1104 14 1
7 L 7 108 1
7 D 1104 108 1
8 L 7 336 1
8 D 1104 336 1
9 L 8 355 1
9 D 1104 355 1
10 L 9 154 1
10 D 1103 154 1
11 L 7 97 1
11 D 1102 97 1
12 L 6 362 1
12 D 1102 362 1
13 L 3 121 1
13 D 1102 121 1
14 L 2 49 1
14 D 1102 49 1
15 L 8 66 1
15 D 1102 66 1
16 L 8 126 1
16 D 1100 126 1
17 L 8 236 1
17 D 1100 236 1
18 L 9 350 1
18 D 1100 350 1
19 L 9 270 1
19 D 1099 270 1
20 L 8 252 1
20 D 1099 252 1
21 L 9 330 1
21 D 1099 330 1
22 L 5 99 1
22 D 1099 99 1
23 L 1 28 1
23 D 1099 28 1
24 L 8 355 1
24 D 1099 355 1
25 L 8 307 1
25 D 1099 307 1
26 L 9 303 1
26 D 1098 303 1
27 L 9 263 1
27 D 1098 263 1
28 L 9 216 1
28 D 1097 216 1
29 L 9 48 1
29 D 1097 48 1
0 L 7 320 1
0 D 1097 320 1
1 L 8 161 1
1 D 1097 161 1
2 L 9 337 1
2 D 1096 337 1
3 L 7 46 1
3 D 1096 46 1
4 L 7 220 1
4 D 1096 220 1
5 L 9 96 1
5 D 1096 96 1
6 L 7 332 1
6 D 1095 332 1
7 L 0 157 1
7 D 1095 157 1
8 L 9 303 1
8 D 1095 303 1
9 L 8 83 1
9 D 1095 83 1
10 L 2 158 1
10 D 1095 158 1
11 L 5 57 1
11 D 1095 57 1
12 L 9 265 1
12 D 1094 265 1
13 L 6 252 1
13 D 1094 252 1
14 L 5 57 1
14 D 1094 57 1
15 L 5 184 1
15 D 1094 184 1
16 L 2 358 1
16 D 1094 358 1
17 L 5 113 1
17 D 1094 113 1
18 L 4 78 1
18 D 1094 78 1
19 L 3 6 1
19 D 1094 6 1
20 L 9 127 1
20 D 1094 127 1
21 L 9 216 1
21 D 1094 216 1
22 L 9 225 1
22 D 1094 225 1
23 L 3 121 1
23 D 1094 121 1
24 L 4 394 1
24 D 1094 394 1
25 L 2 284 1
25 D 1094 284 1
26 L 6 90 1
26 D 1094 90 1
27 L 9 353 1
27 D 1094 353 1
28 L 9 29 1
28 D 1094 29 1
29 L 8 257 1
29 D 1094 257 1
0 L 2 193 1
0 D 1094 193 1
1 L 9 241 1
1 D 1093 241 1
2 L 4 352 1
2 D 1093 352 1
3 L 3 153 1
3 D 1093 153 1
4 L 8 32 1
4 D 1093 32 1
5 L 9 14 1
5 D 1092 14 1
6 L 8 66 1
6 D 1092 66 1
7 L 8 257 1
7 D 1092 257 1
8 L 0 272 1
8 D 1092 272 1
9 L 3 121 1
9 D 1092 121 1
10 L 9 382 1
10 D 1092 382 1
11 L 5 113 1
11 D 1092 113 1
12 L 5 113 1
12 D 1092 113 1
13 L 9 265 1
13 D 1092 265 1
14 L 9 275 1
14 D 1092 275 1
15 L 7 289 1
15 D 1091 289 1
16 L 5 339 1
16 D 1091 339 1
17 L 1 54 1
17 D 1091 54 1
18 L 9 186 1
18 D 1091 186 1
19 L 3 372 1
19 D 1090 372 1
20 L 8 161 1
20 D 1090 161 1
21 L 9 29 1
21 D 1090 29 1
22 L 3 80 1
22 D 1090 80 1
23 L 6 79 1
23 D 1090 79 1
24 L 9 369 1
24 D 1090 369 1
25 L 6 293 1
25 D 1089 293 1
26 L 9 104 1
26 D 1089 104 1
27 L 9 60 1
27 D 1089 60 1
28 L 4 290 1
28 D 1089 290 1
29 L 4 226 1
29 D 1089 226 1
0 L 9 111 1
0 D 1089 111 1
1 L 0 296 1
1 D 1089 296 1
2 L 1 198 1
2 D 1089 198 1
3 L 6 362 1
3 D 1088 362 1
4 L 9 390 1
4 D 1086 390 1
5 L 3 121 1
5 D 1085 121 1
6 L 9 186 1
6 D 1085 186 1
7 L 9 391 1
7 D 1085 391 1
8 L 8 66 1
8 D 1085 66 1
9 L 8 111 1
9 D 1085 111 1
10 L 9 35 1
10 D 1085 35 1
11 L 3 372 1
11 D 1085 372 1
12 L 6 238 1
12 D 1084 238 1
13 L 3 80 1
13 D 1084 80 1
14 L 9 35 1
14 D 1084 35 1
15 L 8 43 1
15 D 1084 43 1
16 L 9 270 1
16 D 1084 270 1
17 L 9 189 1
17 D 1084 189 1
18 L 9 173 1
18 D 1083 173 1
19 L 9 116 1
19 D 1083 116 1
20 L 7 289 1
20 D 1083 289 1
21 L 3 366 1
21 D 1083 366 1
22 L 3 245 1
22 D 1083 245 1
23 L 9 104 1
23 D 1083 104 1
24 L 5 180 1
24 D 1083 180 1
25 L 7 105 1
25 D 1082 105 1
26 L 6 107 1
26 D 1082 107 1
27 L 3 282 1
27 D 1081 282 1
28 L 4 352 1
28 D 1081 352 1
29 L 8 45 1
29 D 1081 45 1
0 L 5 71 1
0 D 1081 71 1
1 L 9 136 1
1 D 1080 136 1
2 L 3 159 1
2 D 1080 159 1
3 L 9 348 1
3 D 1080 348 1
4 L 7 15 1
4 D 1079 15 1
5 L 6 195 1
5 D 1079 195 1
6 L 0 247 1
6 D 1079 247 1
7 L 9 265 1
7 D 1079 265 1
8 L 7 392 1
8 D 1079 392 1
9 L 8 383 1
9 D 1079 383 1
10 L 5 180 1
10 D 1079 180 1
11 L 8 218 1
11 D 1079 218 1
12 L 6 203 1
12 D 1079 203 1
13 L 3 380 1
13 D 1079 380 1
14 L 3 372 1
14 D 1079 372 1
15 L 7 47 1
15 D 1079 47 1
16 L 9 369 1
16 D 1078 369 1
17 L 5 183 1
17 D 1078 183 1
18 L 3 346 1
18 D 1078 346 1
19 L 8 194 1
19 D 1078 194 1
20 L 9 35 1
20 D 1078 35 1
21 L 9 317 1
21 D 1078 317 1
22 L 5 57 1
22 D 1078 57 1
23 L 1 370 1
23 D 1078 370 1
24 L 9 2 1
24 D 1077 2 1
25 L 7 19 1
25 D 1077 19 1
26 L 8 367 1
26 D 1076 367 1
27 L 6 126 1
27 D 1076 126 1
28 L 9 382 1
28 D 1076 382 1
29 L 5 113 1
29 D 1075 113 1
0 L 8 221 1
0 D 1075 221 1
1 L 8 130 1
1 D 1075 130 1
2 L 0 92 1
2 D 1075 92 1
3 L 5 286 1
3 D 1075 286 1
4 L 8 186 1
4 D 1075 186 1
5 L 0 72 1
5 D 1075 72 1
6 L 7 299 1
6 D 1075 299 1
7 L 9 88 1
7 D 1074 88 1
8 L 6 43 1
8 D 1074 43 1
9 L 8 161 1
9 D 1074 161 1
10 L 9 300 1
10 D 1074 300 1
11 L 2 87 1
11 D 1074 87 1
12 L 8 2 1
12 D 1074 2 1
13 L 9 354 1
13 D 1074 354 1
14 L 2 334 1
14 D 1074 334 1
15 L 4 213 1
15 D 1074 213 1
16 L 9 104 1
16 D 1074 104 1
17 L 6 142 1
17 D 1074 142 1
18 L 7 105 1
18 D 1074 105 1
19 L 3 346 1
19 D 1074 346 1
20 L 7 220 1
20 D 1074 220 1
21 L 9 378 1
21 D 1074 378 1
22 L 3 366 1
22 D 1074 366 1
23 L 1 370 1
23 D 1073 370 1
24 L 8 161 1
24 D 1073 161 1
25 L 0 179 1
25 D 1073 179 1
26 L 6 123 1
26 D 1073 123 1
27 L 8 45 1
27 D 1073 45 1
28 L 7 17 1
28 D 1072 17 1
29 L 9 270 1
29 D 1071 270 1
0 L 6 317 1
0 D 1071 317 1
1 L 6 51 1
1 D 1071 51 1
2 L 7 108 1
2 D 1070 108 1
3 L 9 350 1
3 D 1070 350 1
4 L 9 8 1
4 D 1070 8 1
5 L 6 107 1
5 D 1070 107 1
6 L 3 159 1
6 D 1070 159 1
7 L 8 41 1
7 D 1070 41 1
8 L 9 64 1
8 D 1070 64 1
9 L 6 231 1
9 D 1070 231 1
10 L 7 392 1
10 D 1070 392 1
11 L 8 2 1
11 D 1070 2 1
12 L 1 317 1
12 D 1070 317 1
13 L 8 26 1
13 D 1070 26 1
14 L 0 72 1
14 D 1070 72 1
15 L 8 2 1
15 D 1070 2 1
16 L 6 362 1
16 D 1069 362 1
17 L 4 162 1
17 D 1069 162 1
18 L 9 75 1
18 D 1069 75 1
19 L 8 111 1
19 D 1069 111 1
20 L 9 243 1
20 D 1069 243 1
21 L 9 169 1
21 D 1069 169 1
22 L 6 107 1
22 D 1069 107 1
23 L 1 261 1
23 D 1069 261 1
24 L 8 118 1
24 D 1069 118 1
25 L 7 149 1
25 D 1068 149 1
26 L 8 167 1
26 D 1068 167 1
27 L 7 115 1
27 D 1068 115 1
28 L 5 136 1
28 D 1068 136 1
29 L 6 362 1
29 D 1068 362 1
0 L 7 210 1
0 D 1068 210 1
1 L 7 189 1
1 D 1068 189 1
2 L 6 90 1
2 D 1068 90 1
3 L 8 111 1
3 D 1068 111 1
4 L 9 138 1
4 D 1068 138 1
5 L 9 160 1
5 D 1067 160 1
6 L 8 125 1
6 D 1067 125 1
7 L 9 197 1
7 D 1067 197 1
8 L 5 376 1
8 D 1067 376 1
9 L 7 108 1
9 D 1066 108 1
10 L 8 32 1
10 D 1066 32 1
11 L 9 104 1
11 D 1066 104 1
12 L 8 326 1
12 D 1066 326 1
13 L 6 123 1
13 D 1066 123 1
14 L 9 160 1
14 D 1065 160 1
15 L 0 168 1
15 D 1065 168 1
16 L 9 50 1
16 D 1065 50 1
17 L 3 153 1
17 D 1065 153 1
18 L 3 372 1
18 D 1065 372 1
19 L 4 45 1
19 D 1064 45 1
20 L 7 76 1
20 D 1064 76 1
21 L 0 247 1
21 D 1064 247 1
22 L 5 212 1
22 D 1064 212 1
23 L 8 215 1
23 D 1064 215 1
24 L 7 145 1
24 D 1064 145 1
25 L 6 203 1
25 D 1064 203 1
26 L 8 312 1
26 D 1063 312 1
27 L 8 239 1
27 D 1063 239 1
28 L 3 233 1
28 D 1063 233 1
29 L 8 172 1
29 D 1062 172 1
0 L 9 377 1
0 D 1062 377 1
1 L 9 304 1
1 D 1062 304 1
2 L 9 229 1
2 D 1062 229 1
3 L 1 333 1
3 D 1062 333 1
4 L 9 60 1
4 D 1061 60 1
5 L 6 154 1
5 D 1061 154 1
6 L 3 282 1
6 D 1061 282 1
7 L 6 43 1
7 D 1061 43 1
8 L 9 58 1
8 D 1061 58 1
9 L 2 123 1
9 D 1061 123 1
10 L 9 58 1
10 D 1061 58 1
11 L 8 141 1
11 D 1061 141 1
12 L 9 129 1
12 D 1061 129 1
13 L 1 261 1
13 D 1061 261 1
14 L 9 160 1
14 D 1060 160 1
15 L 6 142 1
15 D 1060 142 1
16 L 4 290 1
16 D 1060 290 1
17 L 5 99 1
17 D 1060 99 1
18 L 2 302 1
18 D 1060 302 1
19 L 0 249 1
19 D 1060 249 1
20 L 6 51 1
20 D 1060 51 1
21 L 6 195 1
21 D 1060 195 1
22 L 9 128 1
22 D 1060 128 1
23 L 1 173 1
23 D 1059 173 1
24 L 2 309 1
24 D 1059 309 1
25 L 9 287 1
25 D 1059 287 1
26 L 9 330 1
26 D 1058 330 1
27 L 5 376 1
27 D 1058 376 1
28 L 9 63 1
28 D 1058 63 1
29 L 9 241 1
29 D 1058 241 1
0 L 3 372 1
0 D 1058 372 1
1 L 7 68 1
1 D 1058 68 1
2 L 9 397 1
2 D 1057 397 1
3 L 9 48 1
3 D 1057 48 1
4 L 9 237 1
4 D 1057 237 1
5 L 4 185 1
5 D 1057 185 1
6 L 9 353 1
6 D 1057 353 1
7 L 9 265 1
7 D 1057 265 1
8 L 8 285 1
8 D 1057 285 1
9 L 3 372 1
9 D 1057 372 1
10 L 2 284 1
10 D 1057 284 1
11 L 8 165 1
11 D 1057 165 1
12 L 8 111 1
12 D 1056 111 1
13 L 1 261 1
13 D 1056 261 1
14 L 2 384 1
14 D 1055 384 1
15 L 6 76 1
15 D 1055 76 1
16 L 4 290 1
16 D 1055 290 1
17 L 4 185 1
17 D 1054 185 1
18 L 0 168 1
18 D 1054 168 1
19 L 7 320 1
19 D 1054 320 1
20 L 0 168 1
20 D 1054 168 1
21 L 3 27 1
21 D 1054 27 1
22 L 8 161 1
22 D 1054 161 1
23 L 6 378 1
23 D 1053 378 1
24 L 9 122 1
24 D 1053 122 1
25 L 9 138 1
25 D 1052 138 1
26 L 7 48 1
26 D 1052 48 1
27 L 9 242 1
27 D 1052 242 1
28 L 8 312 1
28 D 1052 312 1
29 L 9 291 1
29 D 1052 291 1
0 L 9 160 1
0 D 1052 160 1
1 L 3 372 1
1 D 1052 372 1
2 L 8 81 1
2 D 1052 81 1
3 L 9 225 1
3 D 1052 225 1
4 L 6 361 1
4 D 1052 361 1
5 L 9 116 1
5 D 1052 116 1
6 L 9 251 1
6 D 1052 251 1
7 L 9 204 1
7 D 1052 204 1
8 L 8 267 1
8 D 1052 267 1
9 L 4 218 1
9 D 1051 218 1
10 L 0 276 1
10 D 1051 276 1
11 L 9 181 1
11 D 1051 181 1
12 L 7 17 1
12 D 1051 17 1
13 L 7 93 1
13 D 1051 93 1
14 L 7 199 1
14 D 1050 199 1
15 L 5 71 1
15 D 1050 71 1
16 L 5 364 1
16 D 1050 364 1
17 L 4 306 1
17 D 1050 306 1
18 L 8 163 1
18 D 1050 163 1
19 L 9 127 1
19 D 1049 127 1
20 L 5 184 1
20 D 1049 184 1
21 L 4 185 1
21 D 1048 185 1
22 L 8 194 1
22 D 1048 194 1
23 L 9 396 1
23 D 1048 396 1
24 L 9 52 1
24 D 1048 52 1
25 L 6 321 1
25 D 1048 321 1
26 L 2 319 1
26 D 1048 319 1
27 L 0 276 1
27 D 1048 276 1
28 L 7 299 1
28 D 1048 299 1
29 L 8 375 1
29 D 1047 375 1
0 L 8 257 1
0 D 1047 257 1
1 L 9 127 1
1 D 1047 127 1
2 L 9 300 1
2 D 1047 300 1
3 L 9 8 1
3 D 1047 8 1
4 L 8 387 1
4 D 1046 387 1
5 L 8 81 1
5 D 1046 81 1
6 L 9 129 1
6 D 1046 129 1
7 L 0 247 1
7 D 1045 247 1
8 L 9 36 1
8 D 1045 36 1
9 L 1 211 1
9 D 1045 211 1
10 L 9 243 1
10 D 1045 243 1
11 L 9 129 1
11 D 1045 129 1
12 L 9 52 1
12 D 1045 52 1
13 L 6 107 1
13 D 1045 107 1
14 L 7 289 1
14 D 1045 289 1
15 L 8 2 1
15 D 1045 2 1
16 L 2 49 1
16 D 1045 49 1
17 L 8 237 1
17 D 1045 237 1
18 L 0 277 1
18 D 1045 277 1
19 L 4 378 1
19 D 1045 378 1
20 L 0 272 1
20 D 1045 272 1
21 L 7 108 1
21 D 1045 108 1
22 L 5 71 1
22 D 1045 71 1
23 L 1 338 1
23 D 1044 338 1
24 L 5 244 1
24 D 1044 244 1
25 L 6 142 1
25 D 1044 142 1
26 L 6 107 1
26 D 1044 107 1
27 L 7 105 1
27 D 1044 105 1
28 L 3 153 1
28 D 1044 153 1
29 L 8 367 1
29 D 1044 367 1
0 L 6 231 1
0 D 1044 231 1
1 L 6 231 1
1 D 1044 231 1
2 L 9 259 1
2 D 1044 259 1
3 L 9 38 1
3 D 1044 38 1
4 L 0 157 1
4 D 1043 157 1
5 L 0 31 1
5 D 1043 31 1
6 L 5 46 1
6 D 1043 46 1
7 L 8 32 1
7 D 1043 32 1
8 L 7 95 1
8 D 1043 95 1
9 L 2 30 1
9 D 1043 30 1
10 L 8 298 1
10 D 1043 298 1
11 L 9 160 1
11 D 1043 160 1
12 L 7 392 1
12 D 1042 392 1
13 L 1 198 1
13 D 1042 198 1
14 L 6 142 1
14 D 1042 142 1
15 L 2 384 1
15 D 1042 384 1
16 L 8 396 1
16 D 1042 396 1
17 L 4 78 1
17 D 1041 78 1
18 L 9 229 1
18 D 1041 229 1
19 L 8 66 1
19 D 1040 66 1
20 L 8 312 1
20 D 1040 312 1
21 L 1 28 1
21 D 1040 28 1
22 L 8 375 1
22 D 1040 375 1
23 L 0 277 1
23 D 1040 277 1
24 L 1 370 1
24 D 1040 370 1
25 L 9 104 1
25 D 1040 104 1
26 L 6 142 1
26 D 1040 142 1
27 L 8 119 1
27 D 1040 119 1
28 L 0 179 1
28 D 1039 179 1
29 L 8 32 1
29 D 1039 32 1
0 L 8 66 1
0 D 1039 66 1
1 L 8 38 1
1 D 1039 38 1
2 L 7 289 1
2 D 1039 289 1
3 L 7 143 1
3 D 1039 143 1
4 L 9 3 1
4 D 1039 3 1
5 L 4 78 1
5 D 1039 78 1
6 L 9 35 1
6 D 1039 35 1
7 L 9 133 1
7 D 1039 133 1
8 L 7 299 1
8 D 1039 299 1
9 L 4 290 1
9 D 1039 290 1
10 L 8 66 1
10 D 1039 66 1
11 L 3 27 1
11 D 1039 27 1
12 L 8 141 1
12 D 1038 141 1
13 L 3 159 1
13 D 1038 159 1
14 L 8 281 1
14 D 1038 281 1
15 L 0 178 1
15 D 1038 178 1
16 L 4 155 1
16 D 1038 155 1
17 L 9 209 1
17 D 1038 209 1
18 L 9 85 1
18 D 1038 85 1
19 L 9 151 1
19 D 1038 151 1
20 L 8 279 1
20 D 1038 279 1
21 L 9 353 1
21 D 1037 353 1
22 L 2 143 1
22 D 1037 143 1
23 L 9 52 1
23 D 1037 52 1
24 L 0 168 1
24 D 1037 168 1
25 L 3 282 1
25 D 1036 282 1
26 L 5 327 1
26 D 1036 327 1
27 L 8 26 1
27 D 1036 26 1
28 L 2 7 1
28 D 1036 7 1
29 L 8 375 1
29 D 1036 375 1
0 L 1 261 1
0 D 1036 261 1
1 L 1 261 1
1 D 1036 261 1
2 L 2 84 1
2 D 1035 84 1
3 L 9 75 1
3 D 1035 75 1
4 L 0 240 1
4 D 1035 240 1
5 L 7 97 1
5 D 1035 97 1
6 L 8 64 1
6 D 1035 64 1
7 L 7 201 1
7 D 1034 201 1
8 L 9 300 1
8 D 1034 300 1
9 L 9 52 1
9 D 1034 52 1
10 L 5 196 1
10 D 1034 196 1
11 L 5 244 1
11 D 1034 244 1
12 L 1 110 1
12 D 1033 110 1
13 L 8 221 1
13 D 1033 221 1
14 L 3 228 1
14 D 1033 228 1
15 L 7 83 1
15 D 1033 83 1
16 L 6 362 1
16 D 1033 362 1
17 L 1 198 1
17 D 1033 198 1
18 L 7 214 1
18 D 1033 214 1
19 L 9 8 1
19 D 1033 8 1
20 L 6 292 1
20 D 1033 292 1
21 L 7 392 1
21 D 1032 392 1
22 L 1 54 1
22 D 1032 54 1
23 L 9 8 1
23 D 1032 8 1
24 L 8 288 1
24 D 1032 288 1
25 L 5 99 1
25 D 1032 99 1
26 L 4 378 1
26 D 1032 378 1
27 L 9 382 1
27 D 1032 382 1
28 L 6 17 1
28 D 1032 17 1
29 L 9 129 1
29 D 1032 129 1
0 L 8 398 1
0 D 1032 398 1
1 L 4 78 1
1 D 1031 78 1
2 L 3 372 1
2 D 1031 372 1
3 L 6 399 1
3 D 1031 399 1
4 L 8 66 1
4 D 1031 66 1
5 L 8 324 1
5 D 1030 324 1
6 L 4 59 1
6 D 1030 59 1
7 L 8 66 1
7 D 1030 66 1
8 L 3 224 1
8 D 1030 224 1
9 L 1 54 1
9 D 1030 54 1
10 L 5 136 1
10 D 1030 136 1
11 L 1 147 1
11 D 1030 147 1
12 L 7 392 1
12 D 1030 392 1
13 L 5 183 1
13 D 1030 183 1
14 L 8 267 1
14 D 1030 267 1
15 L 9 374 1
15 D 1029 374 1
16 L 1 356 1
16 D 1029 356 1
17 L 9 229 1
17 D 1029 229 1
18 L 6 330 1
18 D 1029 330 1
19 L 2 388 1
19 D 1029 388 1
20 L 6 231 1
20 D 1029 231 1
21 L 7 332 1
21 D 1029 332 1
22 L 2 100 1
22 D 1029 100 1
23 L 8 285 1
23 D 1029 285 1
24 L 5 71 1
24 D 1029 71 1
25 L 9 295 1
25 D 1029 295 1
26 L 2 84 1
26 D 1029 84 1
27 L 5 136 1
27 D 1029 136 1
28 L 3 224 1
28 D 1029 224 1
29 L 9 287 1
29 D 1029 287 1
0 L 3 94 1
0 D 1029 94 1
1 L 3 380 1
1 D 1029 380 1
2 L 0 373 1
2 D 1029 373 1
3 L 9 369 1
3 D 1028 369 1
4 L 3 346 1
4 D 1028 346 1
5 L 6 174 1
5 D 1028 174 1
6 L 1 28 1
6 D 1028 28 1
7 L 9 328 1
7 D 1027 328 1
8 L 9 164 1
8 D 1027 164 1
9 L 7 220 1
9 D 1027 220 1
10 L 8 9 1
10 D 1027 9 1
11 L 8 248 1
11 D 1027 248 1
12 L 5 113 1
12 D 1027 113 1
13 L 6 231 1
13 D 1027 231 1
14 L 8 221 1
14 D 1027 221 1
15 L 3 121 1
15 D 1027 121 1
16 L 1 28 1
16 D 1027 28 1
17 L 3 372 1
17 D 1026 372 1
18 L 8 206 1
18 D 1026 206 1
19 L 3 153 1
19 D 1026 153 1
20 L 5 339 1
20 D 1026 339 1
21 L 8 36 1
21 D 1026 36 1
22 L 3 380 1
22 D 1026 380 1
23 L 6 142 1
23 D 1026 142 1
24 L 0 168 1
24 D 1026 168 1
25 L 5 113 1
25 D 1026 113 1
26 L 8 119 1
26 D 1026 119 1
27 L 6 326 1
27 D 1026 326 1
28 L 8 41 1
28 D 1026 41 1
29 L 6 365 1
29 D 1026 365 1
0 L 9 160 1
0 D 1026 160 1
1 L 2 388 1
1 D 1026 388 1
2 L 6 305 1
2 D 1026 305 1
3 L 9 348 1
3 D 1025 348 1
4 L 9 21 1
4 D 1025 21 1
5 L 1 54 1
5 D 1025 54 1
6 L 6 365 1
6 D 1025 365 1
7 L 9 58 1
7 D 1025 58 1
8 L 8 223 1
8 D 1025 223 1
9 L 9 268 1
9 D 1025 268 1
10 L 2 49 1
10 D 1025 49 1
11 L 9 348 1
11 D 1025 348 1
12 L 8 64 1
12 D 1024 64 1
13 L 7 283 1
13 D 1024 283 1
14 L 2 49 1
14 D 1023 49 1
15 L 7 299 1
15 D 1023 299 1
16 L 9 216 1
16 D 1023 216 1
17 L 9 10 1
17 D 1023 10 1
18 L 6 60 1
18 D 1023 60 1
19 L 9 301 1
19 D 1023 301 1
20 L 7 97 1
20 D 1023 97 1
21 L 8 81 1
21 D 1023 81 1
22 L 8 114 1
22 D 1023 114 1
23 L 8 114 1
23 D 1023 114 1
24 L 3 45 1
24 D 1023 45 1
25 L 9 122 1
25 D 1023 122 1
26 L 6 8 1
26 D 1023 8 1
27 L 6 362 1
27 D 1023 362 1
28 L 6 43 1
28 D 1023 43 1
29 L 7 214 1
29 D 1023 214 1
0 L 7 68 1
0 D 1023 68 1
1 L 6 142 1
1 D 1022 142 1
2 L 0 168 1
2 D 1021 168 1
3 L 0 92 1
3 D 1021 92 1
4 L 2 49 1
4 D 1021 49 1
5 L 5 183 1
5 D 1021 183 1
6 L 7 149 1
6 D 1019 149 1
7 L 1 171 1
7 D 1019 171 1
8 L 8 114 1
8 D 1019 114 1
9 L 9 353 1
9 D 1019 353 1
10 L 8 257 1
10 D 1019 257 1
11 L 9 353 1
11 D 1019 353 1
12 L 6 89 1
12 D 1019 89 1
13 L 3 282 1
13 D 1018 282 1
14 L 0 92 1
14 D 1018 92 1
15 L 9 360 1
15 D 1018 360 1
16 L 9 10 1
16 D 1018 10 1
17 L 9 342 1
17 D 1018 342 1
18 L 8 125 1
18 D 1017 125 1
19 L 4 162 1
19 D 1016 162 1
20 L 6 17 1
20 D 1016 17 1
21 L 9 241 1
21 D 1016 241 1
22 L 9 58 1
22 D 1016 58 1
23 L 8 67 1
23 D 1015 67 1
24 L 8 164 1
24 D 1015 164 1
25 L 0 110 1
25 D 1015 110 1
26 L 9 382 1
26 D 1015 382 1
27 L 5 286 1
27 D 1015 286 1
28 L 2 166 1
28 D 1014 166 1
29 L 9 144 1
29 D 1014 144 1
0 L 1 370 1
0 D 1013 370 1
1 L 9 52 1
1 D 1013 52 1
2 L 3 233 1
2 D 1013 233 1
3 L 4 86 1
3 D 1013 86 1
4 L 3 94 1
4 D 1013 94 1
5 L 9 216 1
5 D 1013 216 1
6 L 9 297 1
6 D 1013 297 1
7 L 4 86 1
7 D 1013 86 1
8 L 9 270 1
8 D 1012 270 1
9 L 3 341 1
9 D 1012 341 1
10 L 2 124 1
10 D 1012 124 1
11 L 9 371 1
11 D 1012 371 1
12 L 4 139 1
12 D 1012 139 1
13 L 5 232 1
13 D 1011 232 1
14 L 7 149 1
14 D 1011 149 1
15 L 8 5 1
15 D 1011 5 1
16 L 5 376 1
16 D 1011 376 1
17 L 4 394 1
17 D 1010 394 1
18 L 9 104 1
18 D 1010 104 1
19 L 9 253 1
19 D 1010 253 1
20 L 3 224 1
20 D 1010 224 1
21 L 9 216 1
21 D 1010 216 1
22 L 6 335 1
22 D 1010 335 1
23 L 8 41 1
23 D 1010 41 1
24 L 9 25 1
24 D 1009 25 1
25 L 7 283 1
25 D 1009 283 1
26 L 6 115 1
26 D 1009 115 1
27 L 8 167 1
27 D 1009 167 1
28 L 5 244 1
28 D 1008 244 1
29 L 8 26 1
29 D 1008 26 1
0 L 8 130 1
0 D 1008 130 1
1 L 8 163 1
1 D 1008 163 1
2 L 8 398 1
2 D 1008 398 1
3 L 9 138 1
3 D 1008 138 1
4 L 8 38 1
4 D 1008 38 1
5 L 9 16 1
5 D 1008 16 1
6 L 9 230 1
6 D 1007 230 1
7 L 9 369 1
7 D 1007 369 1
8 L 3 380 1
8 D 1007 380 1
9 L 3 121 1
9 D 1004 121 1
10 L 6 399 1
10 D 1004 399 1
11 L 5 111 1
11 D 1004 111 1
12 L 9 251 1
12 D 1004 251 1
13 L 3 311 1
13 D 1004 311 1
14 L 0 277 1
14 D 1003 277 1
15 L 7 97 1
15 D 1003 97 1
16 L 5 23 1
16 D 1002 23 1
17 L 2 84 1
17 D 1002 84 1
18 L 6 365 1
18 D 1002 365 1
19 L 9 169 1
19 D 1002 169 1
20 L 3 375 1
20 D 1002 375 1
21 L 9 25 1
21 D 1001 25 1
22 L 9 386 1
22 D 1001 386 1
23 L 8 125 1
23 D 1000 125 1
24 L 4 139 1
24 D 1000 139 1
25 L 4 290 1
25 D 1000 290 1
26 L 9 219 1
26 D 1000 219 1
27 L 8 22 1
27 D 1000 22 1
28 L 9 353 1
28 D 1000 353 1
29 L 3 346 1
29 D 999 346 1
0 L 9 14 1
0 D 998 14 1
1 L 3 27 1
1 D 997 27 1
2 L 7 83 1
2 D 997 83 1
3 L 0 73 1
3 D 997 73 1
4 L 1 363 1
4 D 997 363 1
5 L 6 142 1
5 D 997 142 1
6 L 7 289 1
6 D 996 289 1
7 L 9 127 1
7 D 996 127 1
8 L 4 306 1
8 D 996 306 1
9 L 7 145 1
9 D 996 145 1
10 L 8 237 1
10 D 995 237 1
11 L 2 100 1
11 D 995 100 1
12 L 6 8 1
12 D 995 8 1
13 L 9 127 1
13 D 995 127 1
14 L 4 78 1
14 D 994 78 1
15 L 8 114 1
15 D 993 114 1
16 L 6 90 1
16 D 993 90 1
17 L 8 398 1
17 D 993 398 1
18 L 9 360 1
18 D 993 360 1
19 L 9 58 1
19 D 991 58 1
20 L 8 32 1
20 D 991 32 1
21 L 3 375 1
21 D 990 375 1
22 L 7 98 1
22 D 990 98 1
23 L 6 154 1
23 D 990 154 1
24 L 7 287 1
24 D 990 287 1
25 L 4 290 1
25 D 989 290 1
26 L 1 375 1
26 D 989 375 1
27 L 6 174 1
27 D 988 174 1
28 L 6 203 1
28 D 988 203 1
29 L 9 181 1
29 D 987 181 1
0 L 8 148 1
0 D 987 148 1
1 L 8 383 1
1 D 987 383 1
2 L 3 27 1
2 D 987 27 1
3 L 1 147 1
3 D 987 147 1
4 L 9 35 1
4 D 986 35 1
5 L 8 66 1
5 D 986 66 1
6 L 9 63 1
6 D 986 63 1
7 L 5 183 1
7 D 986 183 1
8 L 9 235 1
8 D 986 235 1
9 L 2 7 1
9 D 986 7 1
10 L 8 164 1
10 D 986 164 1
11 L 8 324 1
11 D 986 324 1
12 L 8 26 1
12 D 986 26 1
13 L 1 389 1
13 D 986 389 1
14 L 5 57 1
14 D 986 57 1
15 L 6 361 1
15 D 986 361 1
16 L 5 208 1
16 D 986 208 1
17 L 9 74 1
17 D 986 74 1
18 L 4 273 1
18 D 985 273 1
19 L 0 31 1
19 D 985 31 1
20 L 0 157 1
20 D 985 157 1
21 L 3 153 1
21 D 985 153 1
22 L 5 184 1
22 D 985 184 1
23 L 3 233 1
23 D 985 233 1
24 L 6 154 1
24 D 985 154 1
25 L 2 358 1
25 D 985 358 1
26 L 6 88 1
26 D 985 88 1
27 L 8 119 1
27 D 985 119 1
28 L 9 10 1
28 D 985 10 1
29 L 0 272 1
29 D 985 272 1
0 L 6 242 1
0 D 984 242 1
1 L 7 127 1
1 D 983 127 1
2 L 8 165 1
2 D 983 165 1
3 L 8 355 1
3 D 983 355 1
4 L 7 189 1
4 D 982 189 1
5 L 9 128 1
5 D 982 128 1
6 L 5 184 1
6 D 982 184 1
7 L 7 68 1
7 D 981 68 1
8 L 9 297 1
8 D 981 297 1
9 L 0 73 1
9 D 981 73 1
10 L 9 24 1
10 D 981 24 1
11 L 9 216 1
11 D 981 216 1
12 L 5 339 1
12 D 981 339 1
13 L 8 281 1
13 D 981 281 1
14 L 7 332 1
14 D 981 332 1
15 L 6 335 1
15 D 981 335 1
16 L 7 127 1
16 D 981 127 1
17 L 4 86 1
17 D 981 86 1
18 L 6 195 1
18 D 981 195 1
19 L 5 57 1
19 D 981 57 1
20 L 9 342 1
20 D 981 342 1
21 L 5 327 1
21 D 981 327 1
22 L 7 220 1
22 D 981 220 1
23 L 7 382 1
23 D 980 382 1
24 L 1 261 1
24 D 978 261 1
25 L 6 362 1
25 D 978 362 1
26 L 3 372 1
26 D 978 372 1
27 L 3 80 1
27 D 977 80 1
28 L 9 58 1
28 D 977 58 1
29 L 9 227 1
29 D 977 227 1
0 L 9 205 1
0 D 976 205 1
1 L 1 15 1
1 D 976 15 1
2 L 2 111 1
2 D 975 111 1
3 L 8 32 1
3 D 975 32 1
4 L 8 66 1
4 D 975 66 1
5 L 6 335 1
5 D 975 335 1
6 L 9 225 1
6 D 974 225 1
7 L 8 64 1
7 D 974 64 1
8 L 9 397 1
8 D 974 397 1
9 L 9 120 1
9 D 974 120 1
10 L 9 150 1
10 D 973 150 1
11 L 3 380 1
11 D 973 380 1
12 L 0 168 1
12 D 973 168 1
13 L 8 81 1
13 D 973 81 1
14 L 3 159 1
14 D 972 159 1
15 L 1 15 1
15 D 972 15 1
16 L 9 106 1
16 D 972 106 1
17 L 9 96 1
17 D 972 96 1
18 L 4 208 1
18 D 972 208 1
19 L 8 67 1
19 D 971 67 1
20 L 9 253 1
20 D 971 253 1
21 L 7 299 1
21 D 971 299 1
22 L 8 367 1
22 D 971 367 1
23 L 4 78 1
23 D 970 78 1
24 L 4 213 1
24 D 970 213 1
25 L 9 303 1
25 D 969 303 1
26 L 9 253 1
26 D 969 253 1
27 L 3 159 1
27 D 969 159 1
28 L 4 352 1
28 D 969 352 1
29 L 7 167 1
29 D 969 167 1
0 L 0 31 1
0 D 969 31 1
1 L 9 216 1
1 D 969 216 1
2 L 6 399 1
2 D 969 399 1
3 L 0 157 1
3 D 969 157 1
4 L 3 380 1
4 D 969 380 1
5 L 4 242 1
5 D 969 242 1
6 L 8 66 1
6 D 969 66 1
7 L 0 157 1
7 D 969 157 1
8 L 8 221 1
8 D 969 221 1
9 L 9 175 1
9 D 969 175 1
10 L 0 73 1
10 D 969 73 1
11 L 3 153 1
11 D 969 153 1
12 L 6 90 1
12 D 968 90 1
13 L 0 246 1
13 D 968 246 1
14 L 7 167 1
14 D 968 167 1
15 L 4 306 1
15 D 967 306 1
16 L 0 296 1
16 D 967 296 1
17 L 7 288 1
17 D 967 288 1
18 L 9 301 1
18 D 967 301 1
19 L 9 314 1
19 D 967 314 1
20 L 5 71 1
20 D 967 71 1
21 L 9 85 1
21 D 967 85 1
22 L 9 300 1
22 D 967 300 1
23 L 1 356 1
23 D 967 356 1
24 L 9 262 1
24 D 966 262 1
25 L 1 338 1
25 D 965 338 1
26 L 4 394 1
26 D 965 394 1
27 L 9 386 1
27 D 965 386 1
28 L 5 237 1
28 D 965 237 1
29 L 6 107 1
29 D 965 107 1
0 L 8 322 1
0 D 965 322 1
1 L 6 107 1
1 D 964 107 1
2 L 4 208 1
2 D 963 208 1
3 L 8 41 1
3 D 963 41 1
4 L 0 168 1
4 D 963 168 1
5 L 0 31 1
5 D 963 31 1
6 L 8 275 1
6 D 963 275 1
7 L 7 382 1
7 D 963 382 1
8 L 7 145 1
8 D 962 145 1
9 L 3 18 1
9 D 962 18 1
10 L 9 160 1
10 D 962 160 1
11 L 9 345 1
11 D 962 345 1
12 L 7 214 1
12 D 962 214 1
13 L 7 219 1
13 D 962 219 1
14 L 6 195 1
14 D 962 195 1
15 L 7 96 1
15 D 962 96 1
16 L 3 159 1
16 D 962 159 1
17 L 8 5 1
17 D 962 5 1
18 L 9 360 1
18 D 962 360 1
19 L 9 235 1
19 D 962 235 1
20 L 5 184 1
20 D 962 184 1
21 L 9 151 1
21 D 961 151 1
22 L 9 270 1
22 D 961 270 1
23 L 3 233 1
23 D 961 233 1
24 L 8 398 1
24 D 961 398 1
25 L 0 181 1
25 D 961 181 1
26 L 6 81 1
26 D 960 81 1
27 L 7 283 1
27 D 960 283 1
28 L 0 73 1
28 D 960 73 1
29 L 9 52 1
29 D 960 52 1
0 L 6 107 1
0 D 959 107 1
1 L 8 215 1
1 D 959 215 1
2 L 0 368 1
2 D 959 368 1
3 L 0 276 1
3 D 959 276 1
4 L 8 190 1
4 D 959 190 1
5 L 5 113 1
5 D 959 113 1
6 L 1 15 1
6 D 959 15 1
7 L 6 238 1
7 D 959 238 1
8 L 9 91 1
8 D 958 91 1
9 L 9 133 1
9 D 958 133 1
10 L 9 14 1
10 D 958 14 1
11 L 2 309 1
11 D 958 309 1
12 L 9 150 1
12 D 958 150 1
13 L 9 225 1
13 D 957 225 1
14 L 8 390 1
14 D 957 390 1
15 L 2 384 1
15 D 957 384 1
16 L 6 362 1
16 D 957 362 1
17 L 3 27 1
17 D 957 27 1
18 L 0 168 1
18 D 957 168 1
19 L 4 394 1
19 D 956 394 1
20 L 1 123 1
20 D 956 123 1
21 L 3 153 1
21 D 956 153 1
22 L 3 346 1
22 D 955 346 1
23 L 7 221 1
23 D 955 221 1
24 L 7 167 1
24 D 955 167 1
25 L 9 377 1
25 D 955 377 1
26 L 6 362 1
26 D 954 362 1
27 L 0 247 1
27 D 952 247 1
28 L 9 270 1
28 D 952 270 1
29 L 1 54 1
29 D 952 54 1
0 L 6 81 1
0 D 952 81 1
1 L 6 365 1
1 D 952 365 1
2 L 9 259 1
2 D 952 259 1
3 L 9 122 1
3 D 951 122 1
4 L 7 288 1
4 D 951 288 1
5 L 0 272 1
5 D 951 272 1
6 L 6 51 1
6 D 950 51 1
7 L 4 226 1
7 D 950 226 1
8 L 4 162 1
8 D 948 162 1
9 L 2 302 1
9 D 948 302 1
10 L 9 63 1
10 D 948 63 1
11 L 7 204 1
11 D 946 204 1
12 L 8 16 1
12 D 946 16 1
13 L 9 75 1
13 D 946 75 1
14 L 9 109 1
14 D 946 109 1
15 L 7 289 1
15 D 946 289 1
16 L 9 160 1
16 D 946 160 1
17 L 7 320 1
17 D 946 320 1
18 L 8 114 1
18 D 945 114 1
19 L 8 371 1
19 D 945 371 1
20 L 5 144 1
20 D 945 144 1
21 L 7 35 1
21 D 944 35 1
22 L 9 37 1
22 D 942 37 1
23 L 3 346 1
23 D 942 346 1
24 L 8 114 1
24 D 941 114 1
25 L 8 279 1
25 D 941 279 1
26 L 2 384 1
26 D 941 384 1
27 L 4 287 1
27 D 941 287 1
28 L 1 198 1
28 D 941 198 1
29 L 5 113 1
29 D 941 113 1
0 L 0 182 1
0 D 941 182 1
1 L 2 158 1
1 D 941 158 1
2 L 6 81 1
2 D 941 81 1
3 L 9 300 1
3 D 941 300 1
4 L 8 307 1
4 D 941 307 1
5 L 1 317 1
5 D 939 317 1
6 L 3 327 1
6 D 938 327 1
7 L 6 90 1
7 D 938 90 1
8 L 9 328 1
8 D 938 328 1
9 L 5 344 1
9 D 936 344 1
10 L 7 200 1
10 D 936 200 1
11 L 5 196 1
11 D 936 196 1
12 L 8 172 1
12 D 936 172 1
13 L 9 62 1
13 D 936 62 1
14 L 8 194 1
14 D 934 194 1
15 L 3 282 1
15 D 934 282 1
16 L 9 197 1
16 D 934 197 1
17 L 8 41 1
17 D 933 41 1
18 L 9 256 1
18 D 933 256 1
19 L 5 364 1
19 D 933 364 1
20 L 7 289 1
20 D 933 289 1
21 L 4 242 1
21 D 933 242 1
22 L 4 287 1
22 D 933 287 1
23 L 8 377 1
23 D 933 377 1
24 L 3 153 1
24 D 933 153 1
25 L 3 159 1
25 D 933 159 1
26 L 9 116 1
26 D 933 116 1
27 L 8 163 1
27 D 933 163 1
28 L 8 396 1
28 D 933 396 1
29 L 7 336 1
29 D 933 336 1
0 L 0 296 1
0 D 933 296 1
1 L 7 360 1
1 D 932 360 1
2 L 6 195 1
2 D 932 195 1
3 L 9 379 1
3 D 932 379 1
4 L 9 116 1
4 D 932 116 1
5 L 8 21 1
5 D 930 21 1
6 L 9 63 1
6 D 930 63 1
7 L 9 328 1
7 D 930 328 1
8 L 6 127 1
8 D 930 127 1
9 L 7 220 1
9 D 929 220 1
10 L 8 270 1
10 D 929 270 1
11 L 7 288 1
11 D 928 288 1
12 L 0 276 1
12 D 927 276 1
13 L 2 334 1
13 D 927 334 1
14 L 6 399 1
14 D 926 399 1
15 L 3 233 1
15 D 926 233 1
16 L 6 215 1
16 D 926 215 1
17 L 7 299 1
17 D 925 299 1
18 L 7 119 1
18 D 925 119 1
19 L 9 10 1
19 D 924 10 1
20 L 3 308 1
20 D 924 308 1
21 L 3 346 1
21 D 924 346 1
22 L 9 314 1
22 D 924 314 1
23 L 5 286 1
23 D 924 286 1
24 L 7 220 1
24 D 924 220 1
25 L 1 28 1
25 D 924 28 1
26 L 1 123 1
26 D 924 123 1
27 L 6 348 1
27 D 924 348 1
28 L 7 314 1
28 D 924 314 1
29 L 6 107 1
29 D 924 107 1
0 L 9 303 1
0 D 924 303 1
1 L 5 364 1
1 D 923 364 1
2 L 7 382 1
2 D 923 382 1
3 L 8 239 1
3 D 923 239 1
4 L 2 87 1
4 D 923 87 1
5 L 0 73 1
5 D 922 73 1
6 L 5 364 1
6 D 921 364 1
7 L 9 227 1
7 D 920 227 1
8 L 8 5 1
8 D 920 5 1
9 L 9 256 1
9 D 918 256 1
10 L 1 375 1
10 D 918 375 1
11 L 5 286 1
11 D 918 286 1
12 L 0 31 1
12 D 918 31 1
13 L 9 75 1
13 D 918 75 1
14 L 7 392 1
14 D 918 392 1
15 L 9 175 1
15 D 918 175 1
16 L 7 332 1
16 D 917 332 1
17 L 1 211 1
17 D 917 211 1
18 L 9 129 1
18 D 917 129 1
19 L 0 294 1
19 D 917 294 1
20 L 7 220 1
20 D 917 220 1
21 L 7 392 1
21 D 917 392 1
22 L 7 360 1
22 D 917 360 1
23 L 8 64 1
23 D 917 64 1
24 L 1 39 1
24 D 915 39 1
25 L 6 365 1
25 D 914 365 1
26 L 0 92 1
26 D 914 92 1
27 L 8 114 1
27 D 914 114 1
28 L 8 396 1
28 D 914 396 1
29 L 8 355 1
29 D 914 355 1
0 L 8 163 1
0 D 913 163 1
1 L 2 56 1
1 D 912 56 1
2 L 8 396 1
2 D 912 396 1
3 L 9 70 1
3 D 911 70 1
4 L 7 371 1
4 D 911 371 1
5 L 2 30 1
5 D 911 30 1
6 L 4 287 1
6 D 911 287 1
7 L 9 197 1
7 D 910 197 1
8 L 7 220 1
8 D 910 220 1
9 L 2 309 1
9 D 910 309 1
10 L 3 346 1
10 D 910 346 1
11 L 9 342 1
11 D 910 342 1
12 L 1 375 1
12 D 910 375 1
13 L 2 158 1
13 D 910 158 1
14 L 7 220 1
14 D 910 220 1
15 L 9 62 1
15 D 910 62 1
16 L 8 164 1
16 D 909 164 1
17 L 7 169 1
17 D 909 169 1
18 L 1 370 1
18 D 909 370 1
19 L 6 195 1
19 D 909 195 1
20 L 3 175 1
20 D 908 175 1
21 L 7 83 1
21 D 908 83 1
22 L 8 21 1
22 D 907 21 1
23 L 2 158 1
23 D 904 158 1
24 L 6 117 1
24 D 904 117 1
25 L 8 26 1
25 D 903 26 1
26 L 2 222 1
26 D 903 222 1
27 L 2 111 1
27 D 902 111 1
28 L 8 355 1
28 D 902 355 1
29 L 7 149 1
29 D 902 149 1
0 L 3 153 1
0 D 902 153 1
1 L 2 49 1
1 D 902 49 1
2 L 6 275 1
2 D 902 275 1
3 L 4 162 1
3 D 902 162 1
4 L 5 196 1
4 D 902 196 1
5 L 7 289 1
5 D 902 289 1
6 L 7 191 1
6 D 902 191 1
7 L 3 153 1
7 D 902 153 1
8 L 0 277 1
8 D 901 277 1
9 L 6 274 1
9 D 901 274 1
10 L 5 364 1
10 D 901 364 1
11 L 8 64 1
11 D 901 64 1
12 L 4 86 1
12 D 901 86 1
13 L 0 277 1
13 D 901 277 1
14 L 9 397 1
14 D 901 397 1
15 L 1 198 1
15 D 901 198 1
16 L 5 183 1
16 D 900 183 1
17 L 8 130 1
17 D 900 130 1
18 L 8 206 1
18 D 899 206 1
19 L 2 254 1
19 D 899 254 1
20 L 1 261 1
20 D 899 261 1
21 L 9 160 1
21 D 899 160 1
22 L 5 292 1
22 D 899 292 1
23 L 8 267 1
23 D 899 267 1
24 L 2 388 1
24 D 899 388 1
25 L 6 335 1
25 D 899 335 1
26 L 0 31 1
26 D 899 31 1
27 L 3 153 1
27 D 899 153 1
28 L 9 61 1
28 D 899 61 1
29 L 8 66 1
29 D 899 66 1
0 L 3 175 1
0 D 898 175 1
1 L 9 70 1
1 D 897 70 1
2 L 9 262 1
2 D 897 262 1
3 L 4 290 1
3 D 897 290 1
4 L 7 260 1
4 D 897 260 1
5 L 4 86 1
5 D 895 86 1
6 L 9 243 1
6 D 894 243 1
7 L 9 337 1
7 D 894 337 1
8 L 8 161 1
8 D 894 161 1
9 L 6 107 1
9 D 893 107 1
10 L 9 241 1
10 D 891 241 1
11 L 0 182 1
11 D 891 182 1
12 L 6 107 1
12 D 891 107 1
13 L 8 41 1
13 D 891 41 1
14 L 9 255 1
14 D 889 255 1
15 L 9 14 1
15 D 888 14 1
16 L 3 233 1
16 D 888 233 1
17 L 5 376 1
17 D 888 376 1
18 L 5 376 1
18 D 887 376 1
19 L 3 228 1
19 D 887 228 1
20 L 1 338 1
20 D 886 338 1
21 L 1 218 1
21 D 886 218 1
22 L 8 355 1
22 D 886 355 1
23 L 7 97 1
23 D 886 97 1
24 L 8 26 1
24 D 886 26 1
25 L 5 364 1
25 D 886 364 1
26 L 8 66 1
26 D 886 66 1
27 L 1 390 1
27 D 886 390 1
28 L 5 286 1
28 D 886 286 1
29 L 3 153 1
29 D 886 153 1
0 L 7 360 1
0 D 886 360 1
1 L 3 45 1
1 D 886 45 1
2 L 0 272 1
2 D 886 272 1
3 L 5 71 1
3 D 886 71 1
4 L 1 370 1
4 D 886 370 1
5 L 3 233 1
5 D 885 233 1
6 L 4 352 1
6 D 885 352 1
7 L 8 114 1
7 D 885 114 1
8 L 9 50 1
8 D 884 50 1
9 L 0 73 1
9 D 884 73 1
10 L 2 302 1
10 D 884 302 1
11 L 0 276 1
11 D 884 276 1
12 L 7 35 1
12 D 884 35 1
13 L 4 287 1
13 D 883 287 1
14 L 6 348 1
14 D 882 348 1
15 L 2 30 1
15 D 882 30 1
16 L 7 336 1
16 D 882 336 1
17 L 1 370 1
17 D 882 370 1
18 L 9 386 1
18 D 881 386 1
19 L 9 291 1
19 D 881 291 1
20 L 3 224 1
20 D 880 224 1
21 L 6 360 1
21 D 880 360 1
22 L 5 71 1
22 D 879 71 1
23 L 0 210 1
23 D 879 210 1
24 L 9 129 1
24 D 879 129 1
25 L 8 315 1
25 D 879 315 1
26 L 6 238 1
26 D 879 238 1
27 L 6 90 1
27 D 879 90 1
28 L 6 4 1
28 D 877 4 1
29 L 9 303 1
29 D 877 303 1
0 L 1 370 1
0 D 876 370 1
1 L 7 105 1
1 D 875 105 1
2 L 4 394 1
2 D 875 394 1
3 L 5 286 1
3 D 874 286 1
4 L 0 72 1
4 D 874 72 1
5 L 6 51 1
5 D 874 51 1
6 L 5 137 1
6 D 874 137 1
7 L 2 302 1
7 D 874 302 1
8 L 0 277 1
8 D 874 277 1
9 L 9 160 1
9 D 874 160 1
10 L 4 242 1
10 D 874 242 1
11 L 8 66 1
11 D 874 66 1
12 L 0 272 1
12 D 874 272 1
13 L 0 168 1
13 D 874 168 1
14 L 7 248 1
14 D 874 248 1
15 L 9 116 1
15 D 874 116 1
16 L 0 272 1
16 D 873 272 1
17 L 4 162 1
17 D 873 162 1
18 L 0 247 1
18 D 873 247 1
19 L 9 343 1
19 D 873 343 1
20 L 1 349 1
20 D 873 349 1
21 L 9 109 1
21 D 873 109 1
22 L 6 107 1
22 D 873 107 1
23 L 6 170 1
23 D 873 170 1
24 L 5 286 1
24 D 873 286 1
25 L 8 16 1
25 D 873 16 1
26 L 7 70 1
26 D 873 70 1
27 L 0 31 1
27 D 873 31 1
28 L 0 247 1
28 D 872 247 1
29 L 1 191 1
29 D 872 191 1
0 L 7 105 1
0 D 872 105 1
1 L 8 125 1
1 D 871 125 1
2 L 7 204 1
2 D 870 204 1
3 L 9 122 1
3 D 870 122 1
4 L 0 168 1
4 D 870 168 1
5 L 1 261 1
5 D 867 261 1
6 L 5 286 1
6 D 866 286 1
7 L 9 177 1
7 D 866 177 1
8 L 4 273 1
8 D 865 273 1
9 L 2 166 1
9 D 865 166 1
10 L 6 40 1
10 D 865 40 1
11 L 5 244 1
11 D 864 244 1
12 L 9 262 1
12 D 864 262 1
13 L 6 142 1
13 D 864 142 1
14 L 5 196 1
14 D 862 196 1
15 L 2 222 1
15 D 862 222 1
16 L 0 373 1
16 D 862 373 1
17 L 5 172 1
17 D 861 172 1
18 L 2 222 1
18 D 860 222 1
19 L 4 287 1
19 D 860 287 1
20 L 6 362 1
20 D 859 362 1
21 L 3 20 1
21 D 858 20 1
22 L 6 293 1
22 D 858 293 1
23 L 5 1 1
23 D 858 1 1
24 L 7 220 1
24 D 858 220 1
25 L 2 7 1
25 D 858 7 1
26 L 9 391 1
26 D 858 391 1
27 L 1 261 1
27 D 857 261 1
28 L 9 369 1
28 D 857 369 1
29 L 7 392 1
29 D 855 392 1
0 L 8 67 1
0 D 855 67 1
1 L 8 280 1
1 D 854 280 1
2 L 9 106 1
2 D 854 106 1
3 L 8 125 1
3 D 854 125 1
4 L 5 71 1
4 D 853 71 1
5 L 4 242 1
5 D 853 242 1
6 L 7 97 1
6 D 853 97 1
7 L 7 105 1
7 D 851 105 1
8 L 4 185 1
8 D 851 185 1
9 L 6 362 1
9 D 851 362 1
10 L 6 90 1
10 D 851 90 1
11 L 6 362 1
11 D 849 362 1
12 L 9 301 1
12 D 848 301 1
13 L 6 48 1
13 D 848 48 1
14 L 7 220 1
14 D 848 220 1
15 L 1 356 1
15 D 848 356 1
16 L 8 257 1
16 D 847 257 1
17 L 9 253 1
17 D 847 253 1
18 L 9 337 1
18 D 847 337 1
19 L 4 290 1
19 D 847 290 1
20 L 7 220 1
20 D 846 220 1
21 L 7 300 1
21 D 846 300 1
22 L 4 287 1
22 D 846 287 1
23 L 0 277 1
23 D 846 277 1
24 L 9 10 1
24 D 846 10 1
25 L 6 270 1
25 D 846 270 1
26 L 9 379 1
26 D 846 379 1
27 L 3 380 1
27 D 846 380 1
28 L 0 296 1
28 D 846 296 1
29 L 8 41 1
29 D 846 41 1
0 L 8 41 1
0 D 844 41 1
1 L 6 48 1
1 D 842 48 1
2 L 7 219 1
2 D 842 219 1
3 L 8 66 1
3 D 842 66 1
4 L 7 289 1
4 D 842 289 1
5 L 6 194 1
5 D 841 194 1
6 L 0 33 1
6 D 841 33 1
7 L 2 7 1
7 D 841 7 1
8 L 6 399 1
8 D 841 399 1
9 L 1 28 1
9 D 841 28 1
10 L 2 254 1
10 D 840 254 1
11 L 5 364 1
11 D 840 364 1
12 L 0 373 1
12 D 839 373 1
13 L 2 111 1
13 D 839 111 1
14 L 3 372 1
14 D 839 372 1
15 L 8 130 1
15 D 838 130 1
16 L 7 95 1
16 D 836 95 1
17 L 8 367 1
17 D 836 367 1
18 L 5 286 1
18 D 836 286 1
19 L 8 41 1
19 D 836 41 1
20 L 4 139 1
20 D 836 139 1
21 L 8 315 1
21 D 836 315 1
22 L 0 296 1
22 D 836 296 1
23 L 1 147 1
23 D 835 147 1
24 L 9 205 1
24 D 835 205 1
25 L 9 227 1
25 D 834 227 1
26 L 5 71 1
26 D 834 71 1
27 L 2 284 1
27 D 833 284 1
28 L 2 56 1
28 D 833 56 1
29 L 9 58 1
29 D 833 58 1
0 L 8 67 1
0 D 833 67 1
1 L 0 73 1
1 D 833 73 1
2 L 7 96 1
2 D 833 96 1
3 L 3 18 1
3 D 833 18 1
4 L 8 267 1
4 D 833 267 1
5 L 6 274 1
5 D 832 274 1
6 L 2 388 1
6 D 832 388 1
7 L 1 218 1
7 D 832 218 1
8 L 2 284 1
8 D 832 284 1
9 L 6 365 1
9 D 832 365 1
10 L 8 257 1
10 D 832 257 1
11 L 3 80 1
11 D 832 80 1
12 L 6 81 1
12 D 832 81 1
13 L 9 116 1
13 D 832 116 1
14 L 9 303 1
14 D 832 303 1
15 L 2 384 1
15 D 831 384 1
16 L 5 113 1
16 D 830 113 1
17 L 9 256 1
17 D 830 256 1
18 L 3 121 1
18 D 830 121 1
19 L 9 262 1
19 D 830 262 1
20 L 4 162 1
20 D 829 162 1
21 L 3 163 1
21 D 827 163 1
22 L 2 49 1
22 D 826 49 1
23 L 6 399 1
23 D 826 399 1
24 L 6 194 1
24 D 826 194 1
25 L 0 249 1
25 D 826 249 1
26 L 6 51 1
26 D 826 51 1
27 L 3 282 1
27 D 825 282 1
28 L 0 272 1
28 D 825 272 1
29 L 9 297 1
29 D 825 297 1
0 L 2 222 1
0 D 825 222 1
1 L 9 391 1
1 D 824 391 1
2 L 6 335 1
2 D 824 335 1
3 L 5 113 1
3 D 823 113 1
4 L 1 390 1
4 D 823 390 1
5 L 9 132 1
5 D 823 132 1
6 L 6 227 1
6 D 822 227 1
7 L 6 238 1
7 D 822 238 1
8 L 9 160 1
8 D 822 160 1
9 L 8 340 1
9 D 821 340 1
10 L 9 386 1
10 D 821 386 1
11 L 3 159 1
11 D 821 159 1
12 L 0 277 1
12 D 821 277 1
13 L 1 147 1
13 D 821 147 1
14 L 2 384 1
14 D 821 384 1
15 L 1 198 1
15 D 820 198 1
16 L 8 161 1
16 D 820 161 1
17 L 9 303 1
17 D 819 303 1
18 L 4 155 1
18 D 819 155 1
19 L 7 167 1
19 D 819 167 1
20 L 2 384 1
20 D 819 384 1
21 L 0 64 1
21 D 819 64 1
22 L 0 296 1
22 D 818 296 1
23 L 3 299 1
23 D 818 299 1
24 L 3 18 1
24 D 818 18 1
25 L 6 197 1
25 D 818 197 1
26 L 0 157 1
26 D 818 157 1
27 L 9 374 1
27 D 818 374 1
28 L 9 268 1
28 D 818 268 1
29 L 7 289 1
29 D 816 289 1
0 L 9 160 1
0 D 815 160 1
1 L 8 315 1
1 D 815 315 1
2 L 6 335 1
2 D 815 335 1
3 L 3 159 1
3 D 815 159 1
4 L 7 70 1
4 D 815 70 1
5 L 8 257 1
5 D 815 257 1
6 L 9 207 1
6 D 814 207 1
7 L 4 273 1
7 D 814 273 1
8 L 9 313 1
8 D 814 313 1
9 L 0 182 1
9 D 814 182 1
10 L 1 261 1
10 D 814 261 1
11 L 6 280 1
11 D 814 280 1
12 L 4 306 1
12 D 814 306 1
13 L 8 114 1
13 D 814 114 1
14 L 0 157 1
14 D 813 157 1
15 L 3 228 1
15 D 813 228 1
16 L 3 224 1
16 D 813 224 1
17 L 5 196 1
17 D 811 196 1
18 L 8 186 1
18 D 811 186 1
19 L 1 370 1
19 D 811 370 1
20 L 6 186 1
20 D 811 186 1
21 L 2 284 1
21 D 810 284 1
22 L 3 117 1
22 D 810 117 1
23 L 7 214 1
23 D 810 214 1
24 L 5 71 1
24 D 808 71 1
25 L 8 367 1
25 D 807 367 1
26 L 0 277 1
26 D 805 277 1
27 L 3 228 1
27 D 804 228 1
28 L 3 227 1
28 D 802 227 1
29 L 0 31 1
29 D 801 31 1
0 L 5 184 1
0 D 801 184 1
1 L 1 338 1
1 D 801 338 1
2 L 1 39 1
2 D 801 39 1
3 L 1 39 1
3 D 801 39 1
4 L 6 197 1
4 D 801 197 1
5 L 9 262 1
5 D 801 262 1
6 L 8 130 1
6 D 797 130 1
7 L 1 390 1
7 D 797 390 1
8 L 8 315 1
8 D 796 315 1
9 L 7 19 1
9 D 795 19 1
10 L 9 12 1
10 D 794 12 1
11 L 3 264 1
11 D 794 264 1
12 L 3 13 1
12 D 794 13 1
13 L 3 20 1
13 D 793 20 1
14 L 1 211 1
14 D 793 211 1
15 L 9 391 1
15 D 792 391 1
16 L 7 108 1
16 D 792 108 1
17 L 2 334 1
17 D 791 334 1
18 L 7 199 1
18 D 791 199 1
19 L 6 362 1
19 D 791 362 1
20 L 7 377 1
20 D 791 377 1
21 L 0 157 1
21 D 790 157 1
22 L 6 274 1
22 D 790 274 1
23 L 9 116 1
23 D 790 116 1
24 L 9 263 1
24 D 789 263 1
25 L 3 299 1
25 D 789 299 1
26 L 1 54 1
26 D 788 54 1
27 L 6 127 1
27 D 788 127 1
28 L 9 109 1
28 D 788 109 1
29 L 7 345 1
29 D 787 345 1
0 L 6 360 1
0 D 787 360 1
1 L 9 263 1
1 D 785 263 1
2 L 6 305 1
2 D 785 305 1
3 L 8 66 1
3 D 785 66 1
4 L 5 71 1
4 D 785 71 1
5 L 9 353 1
5 D 785 353 1
6 L 5 360 1
6 D 785 360 1
7 L 2 84 1
7 D 784 84 1
8 L 6 170 1
8 D 784 170 1
9 L 9 397 1
9 D 783 397 1
10 L 5 232 1
10 D 783 232 1
11 L 7 95 1
11 D 783 95 1
12 L 1 316 1
12 D 783 316 1
13 L 8 16 1
13 D 783 16 1
14 L 8 130 1
14 D 783 130 1
15 L 5 344 1
15 D 782 344 1
16 L 7 320 1
16 D 782 320 1
17 L 2 225 1
17 D 782 225 1
18 L 6 293 1
18 D 780 293 1
19 L 7 332 1
19 D 779 332 1
20 L 9 0 1
20 D 777 0 1
21 L 6 365 1
21 D 777 365 1
22 L 0 277 1
22 D 777 277 1
23 L 5 244 1
23 D 777 244 1
24 L 2 225 1
24 D 777 225 1
25 L 9 58 1
25 D 777 58 1
26 L 8 41 1
26 D 777 41 1
27 L 3 372 1
27 D 777 372 1
28 L 3 121 1
28 D 777 121 1
29 L 3 18 1
29 D 777 18 1
0 L 9 265 1
0 D 777 265 1
1 L 6 238 1
1 D 777 238 1
2 L 5 364 1
2 D 777 364 1
3 L 9 241 1
3 D 775 241 1
4 L 5 360 1
4 D 774 360 1
5 L 7 332 1
5 D 774 332 1
6 L 3 94 1
6 D 773 94 1
7 L 4 394 1
7 D 773 394 1
8 L 8 267 1
8 D 772 267 1
9 L 8 41 1
9 D 772 41 1
10 L 4 155 1
10 D 771 155 1
11 L 6 8 1
11 D 771 8 1
12 L 3 233 1
12 D 771 233 1
13 L 6 270 1
13 D 771 270 1
14 L 3 27 1
14 D 771 27 1
15 L 6 362 1
15 D 771 362 1
16 L 9 303 1
16 D 770 303 1
17 L 0 272 1
17 D 770 272 1
18 L 7 96 1
18 D 770 96 1
19 L 6 81 1
19 D 770 81 1
20 L 0 179 1
20 D 770 179 1
21 L 6 127 1
21 D 769 127 1
22 L 2 334 1
22 D 769 334 1
23 L 0 168 1
23 D 768 168 1
24 L 5 360 1
24 D 767 360 1
25 L 9 369 1
25 D 766 369 1
26 L 1 211 1
26 D 765 211 1
27 L 3 372 1
27 D 764 372 1
28 L 9 328 1
28 D 764 328 1
29 L 5 23 1
29 D 763 23 1
0 L 4 306 1
0 D 763 306 1
1 L 9 374 1
1 D 763 374 1
2 L 3 346 1
2 D 763 346 1
3 L 8 257 1
3 D 763 257 1
4 L 0 157 1
4 D 763 157 1
5 L 8 267 1
5 D 762 267 1
6 L 8 161 1
6 D 762 161 1
7 L 0 373 1
7 D 762 373 1
8 L 4 248 1
8 D 762 248 1
9 L 1 391 1
9 D 761 391 1
10 L 9 350 1
10 D 761 350 1
11 L 0 31 1
11 D 761 31 1
12 L 1 54 1
12 D 760 54 1
13 L 1 147 1
13 D 759 147 1
14 L 8 312 1
14 D 759 312 1
15 L 4 59 1
15 D 759 59 1
16 L 7 97 1
16 D 759 97 1
17 L 6 96 1
17 D 759 96 1
18 L 6 186 1
18 D 757 186 1
19 L 6 243 1
19 D 757 243 1
20 L 7 289 1
20 D 757 289 1
21 L 5 360 1
21 D 755 360 1
22 L 8 41 1
22 D 755 41 1
23 L 7 332 1
23 D 755 332 1
24 L 9 50 1
24 D 755 50 1
25 L 9 241 1
25 D 754 241 1
26 L 9 160 1
26 D 752 160 1
27 L 2 87 1
27 D 752 87 1
28 L 7 220 1
28 D 752 220 1
29 L 2 334 1
29 D 752 334 1
0 L 0 272 1
0 D 750 272 1
1 L 6 96 1
1 D 750 96 1
2 L 8 257 1
2 D 749 257 1
3 L 9 337 1
3 D 749 337 1
4 L 8 24 1
4 D 749 24 1
5 L 3 346 1
5 D 748 346 1
6 L 2 158 1
6 D 748 158 1
7 L 6 399 1
7 D 748 399 1
8 L 5 71 1
8 D 747 71 1
9 L 4 394 1
9 D 745 394 1
10 L 7 219 1
10 D 745 219 1
11 L 7 35 1
11 D 744 35 1
12 L 5 364 1
12 D 743 364 1
13 L 5 286 1
13 D 743 286 1
14 L 7 68 1
14 D 743 68 1
15 L 9 359 1
15 D 743 359 1
16 L 7 97 1
16 D 742 97 1
17 L 7 392 1
17 D 742 392 1
18 L 0 296 1
18 D 742 296 1
19 L 7 382 1
19 D 740 382 1
20 L 9 150 1
20 D 740 150 1
21 L 6 305 1
21 D 739 305 1
22 L 9 303 1
22 D 739 303 1
23 L 1 147 1
23 D 737 147 1
24 L 0 157 1
24 D 737 157 1
25 L 8 125 1
25 D 737 125 1
26 L 6 231 1
26 D 736 231 1
27 L 7 314 1
27 D 736 314 1
28 L 9 359 1
28 D 736 359 1
29 L 9 50 1
29 D 736 50 1
0 L 3 153 1
0 D 735 153 1
1 L 8 66 1
1 D 735 66 1
2 L 6 26 1
2 D 735 26 1
3 L 6 26 1
3 D 735 26 1
4 L 9 42 1
4 D 735 42 1
5 L 2 302 1
5 D 735 302 1
6 L 9 160 1
6 D 735 160 1
7 L 5 344 1
7 D 734 344 1
8 L 6 107 1
8 D 734 107 1
9 L 7 314 1
9 D 734 314 1
10 L 9 14 1
10 D 733 14 1
11 L 8 223 1
11 D 733 223 1
12 L 6 219 1
12 D 732 219 1
13 L 5 297 1
13 D 732 297 1
14 L 9 205 1
14 D 732 205 1
15 L 3 224 1
15 D 731 224 1
16 L 6 330 1
16 D 731 330 1
17 L 8 125 1
17 D 730 125 1
18 L 8 223 1
18 D 729 223 1
19 L 4 352 1
19 D 729 352 1
20 L 4 162 1
20 D 727 162 1
21 L 8 367 1
21 D 724 367 1
22 L 7 320 1
22 D 723 320 1
23 L 0 64 1
23 D 723 64 1
24 L 9 397 1
24 D 723 397 1
25 L 6 79 1
25 D 722 79 1
26 L 1 356 1
26 D 722 356 1
27 L 3 159 1
27 D 720 159 1
28 L 2 388 1
28 D 720 388 1
29 L 9 122 1
29 D 720 122 1
0 L 7 382 1
0 D 720 382 1
1 L 4 78 1
1 D 720 78 1
2 L 6 365 1
2 D 720 365 1
3 L 8 312 1
3 D 720 312 1
4 L 2 334 1
4 D 720 334 1
5 L 5 244 1
5 D 720 244 1
6 L 8 350 1
6 D 719 350 1
7 L 5 184 1
7 D 719 184 1
8 L 8 367 1
8 D 718 367 1
9 L 3 380 1
9 D 715 380 1
10 L 1 95 1
10 D 714 95 1
11 L 1 81 1
11 D 714 81 1
12 L 9 205 1
12 D 714 205 1
13 L 1 349 1
13 D 714 349 1
14 L 8 5 1
14 D 714 5 1
15 L 4 185 1
15 D 714 185 1
16 L 6 321 1
16 D 714 321 1
17 L 9 50 1
17 D 714 50 1
18 L 0 168 1
18 D 714 168 1
19 L 4 162 1
19 D 713 162 1
20 L 3 75 1
20 D 711 75 1
21 L 8 239 1
21 D 711 239 1
22 L 3 164 1
22 D 711 164 1
23 L 8 281 1
23 D 711 281 1
24 L 7 392 1
24 D 711 392 1
25 L 7 382 1
25 D 711 382 1
26 L 6 365 1
26 D 711 365 1
27 L 6 36 1
27 D 711 36 1
28 L 0 168 1
28 D 710 168 1
29 L 0 179 1
29 D 710 179 1
0 L 0 92 1
0 D 710 92 1
1 L 8 315 1
1 D 709 315 1
2 L 5 286 1
2 D 708 286 1
3 L 5 360 1
3 D 708 360 1
4 L 5 184 1
4 D 708 184 1
5 L 1 241 1
5 D 707 241 1
6 L 1 81 1
6 D 706 81 1
7 L 0 296 1
7 D 706 296 1
8 L 8 267 1
8 D 706 267 1
9 L 9 301 1
9 D 705 301 1
10 L 3 366 1
10 D 705 366 1
11 L 8 16 1
11 D 704 16 1
12 L 1 349 1
12 D 703 349 1
13 L 4 86 1
13 D 703 86 1
14 L 9 251 1
14 D 701 251 1
15 L 9 230 1
15 D 701 230 1
16 L 6 328 1
16 D 701 328 1
17 L 0 179 1
17 D 701 179 1
18 L 8 298 1
18 D 701 298 1
19 L 8 307 1
19 D 701 307 1
20 L 5 23 1
20 D 700 23 1
21 L 2 388 1
21 D 700 388 1
22 L 7 108 1
22 D 699 108 1
23 L 2 358 1
23 D 698 358 1
24 L 1 211 1
24 D 697 211 1
25 L 0 168 1
25 D 697 168 1
26 L 1 171 1
26 D 696 171 1
27 L 4 86 1
27 D 693 86 1
28 L 3 135 1
28 D 693 135 1
29 L 6 107 1
29 D 693 107 1
0 L 8 355 1
0 D 693 355 1
1 L 1 81 1
1 D 693 81 1
2 L 1 385 1
2 D 693 385 1
3 L 0 31 1
3 D 693 31 1
4 L 3 233 1
4 D 693 233 1
5 L 9 14 1
5 D 692 14 1
6 L 4 185 1
6 D 691 185 1
7 L 1 211 1
7 D 690 211 1
8 L 1 370 1
8 D 689 370 1
9 L 8 259 1
9 D 689 259 1
10 L 9 343 1
10 D 689 343 1
11 L 0 157 1
11 D 687 157 1
12 L 2 384 1
12 D 686 384 1
13 L 9 205 1
13 D 686 205 1
14 L 2 384 1
14 D 684 384 1
15 L 6 107 1
15 D 684 107 1
16 L 0 73 1
16 D 684 73 1
17 L 5 205 1
17 D 684 205 1
18 L 5 184 1
18 D 683 184 1
19 L 2 61 1
19 D 682 61 1
20 L 0 73 1
20 D 682 73 1
21 L 6 362 1
21 D 682 362 1
22 L 8 5 1
22 D 682 5 1
23 L 8 141 1
23 D 679 141 1
24 L 3 299 1
24 D 679 299 1
25 L 3 27 1
25 D 678 27 1
26 L 2 87 1
26 D 676 87 1
27 L 6 243 1
27 D 676 243 1
28 L 2 30 1
28 D 676 30 1
29 L 1 370 1
29 D 675 370 1
0 L 9 230 1
0 D 673 230 1
1 L 6 90 1
1 D 672 90 1
2 L 3 327 1
2 D 672 327 1
3 L 9 160 1
3 D 672 160 1
4 L 8 312 1
4 D 669 312 1
5 L 6 362 1
5 D 669 362 1
6 L 9 265 1
6 D 669 265 1
7 L 9 116 1
7 D 669 116 1
8 L 2 254 1
8 D 669 254 1
9 L 9 265 1
9 D 669 265 1
10 L 9 29 1
10 D 668 29 1
11 L 6 48 1
11 D 666 48 1
12 L 3 164 1
12 D 665 164 1
13 L 9 176 1
13 D 665 176 1
14 L 5 244 1
14 D 665 244 1
15 L 5 364 1
15 D 665 364 1
16 L 8 190 1
16 D 665 190 1
17 L 8 125 1
17 D 665 125 1
18 L 8 357 1
18 D 665 357 1
19 L 4 185 1
19 D 665 185 1
20 L 4 78 1
20 D 665 78 1
21 L 8 41 1
21 D 665 41 1
22 L 3 80 1
22 D 665 80 1
23 L 3 346 1
23 D 665 346 1
24 L 7 202 1
24 D 662 202 1
25 L 9 160 1
25 D 662 160 1
26 L 7 108 1
26 D 662 108 1
27 L 8 324 1
27 D 662 324 1
28 L 3 346 1
28 D 662 346 1
29 L 6 89 1
29 D 662 89 1
0 L 3 372 1
0 D 661 372 1
1 L 5 113 1
1 D 661 113 1
2 L 5 212 1
2 D 660 212 1
3 L 3 153 1
3 D 659 153 1
4 L 8 324 1
4 D 659 324 1
5 L 6 199 1
5 D 658 199 1
6 L 8 257 1
6 D 658 257 1
7 L 8 223 1
7 D 658 223 1
8 L 1 218 1
8 D 656 218 1
9 L 0 182 1
9 D 655 182 1
10 L 2 300 1
10 D 652 300 1
11 L 3 346 1
11 D 652 346 1
12 L 3 199 1
12 D 649 199 1
13 L 7 68 1
13 D 649 68 1
14 L 3 94 1
14 D 649 94 1
15 L 5 395 1
15 D 648 395 1
16 L 2 49 1
16 D 646 49 1
17 L 7 314 1
17 D 646 314 1
18 L 0 247 1
18 D 645 247 1
19 L 1 54 1
19 D 644 54 1
20 L 5 286 1
20 D 644 286 1
21 L 8 21 1
21 D 643 21 1
22 L 7 68 1
22 D 641 68 1
23 L 9 69 1
23 D 641 69 1
24 L 6 275 1
24 D 641 275 1
25 L 9 14 1
25 D 641 14 1
26 L 8 125 1
26 D 641 125 1
27 L 8 397 1
27 D 636 397 1
28 L 3 372 1
28 D 636 372 1
29 L 0 168 1
29 D 636 168 1
0 L 9 112 1
0 D 636 112 1
1 L 3 27 1
1 D 636 27 1
2 L 7 220 1
2 D 634 220 1
3 L 7 220 1
3 D 634 220 1
4 L 5 397 1
4 D 634 397 1
5 L 3 264 1
5 D 633 264 1
6 L 9 63 1
6 D 631 63 1
7 L 8 312 1
7 D 631 312 1
8 L 4 306 1
8 D 631 306 1
9 L 1 261 1
9 D 630 261 1
10 L 5 212 1
10 D 629 212 1
11 L 5 244 1
11 D 629 244 1
12 L 3 153 1
12 D 629 153 1
13 L 2 384 1
13 D 628 384 1
14 L 7 314 1
14 D 628 314 1
15 L 3 121 1
15 D 628 121 1
16 L 4 86 1
16 D 628 86 1
17 L 9 116 1
17 D 623 116 1
18 L 7 93 1
18 D 623 93 1
19 L 2 284 1
19 D 623 284 1
20 L 8 5 1
20 D 623 5 1
21 L 7 340 1
21 D 622 340 1
22 L 5 364 1
22 D 621 364 1
23 L 3 345 1
23 D 620 345 1
24 L 5 184 1
24 D 620 184 1
25 L 3 243 1
25 D 619 243 1
26 L 0 269 1
26 D 618 269 1
27 L 3 159 1
27 D 617 159 1
28 L 3 159 1
28 D 617 159 1
29 L 8 350 1
29 D 616 350 1
0 L 1 370 1
0 D 616 370 1
1 L 8 267 1
1 D 616 267 1
2 L 3 153 1
2 D 615 153 1
3 L 0 140 1
3 D 615 140 1
4 L 2 225 1
4 D 615 225 1
5 L 6 8 1
5 D 615 8 1
6 L 2 388 1
6 D 612 388 1
7 L 9 313 1
7 D 611 313 1
8 L 9 268 1
8 D 611 268 1
9 L 6 399 1
9 D 611 399 1
10 L 8 130 1
10 D 611 130 1
11 L 3 163 1
11 D 611 163 1
12 L 1 338 1
12 D 609 338 1
13 L 9 58 1
13 D 608 58 1
14 L 9 69 1
14 D 606 69 1
15 L 7 350 1
15 D 606 350 1
16 L 3 121 1
16 D 605 121 1
17 L 1 333 1
17 D 605 333 1
18 L 3 80 1
18 D 605 80 1
19 L 4 78 1
19 D 605 78 1
20 L 8 367 1
20 D 604 367 1
21 L 5 1 1
21 D 604 1 1
22 L 0 247 1
22 D 604 247 1
23 L 9 63 1
23 D 603 63 1
24 L 7 331 1
24 D 602 331 1
25 L 2 193 1
25 D 602 193 1
26 L 3 18 1
26 D 602 18 1
27 L 1 370 1
27 D 602 370 1
28 L 8 22 1
28 D 601 22 1
29 L 8 312 1
29 D 600 312 1
0 L 6 122 1
0 D 600 122 1
1 L 6 107 1
1 D 600 107 1
2 L 9 379 1
2 D 600 379 1
3 L 8 5 1
3 D 600 5 1
4 L 1 316 1
4 D 599 316 1
5 L 9 359 1
5 D 599 359 1
6 L 9 160 1
6 D 596 160 1
7 L 3 27 1
7 D 596 27 1
8 L 6 399 1
8 D 596 399 1
9 L 0 296 1
9 D 593 296 1
10 L 6 174 1
10 D 593 174 1
11 L 2 384 1
11 D 593 384 1
12 L 7 93 1
12 D 593 93 1
13 L 0 276 1
13 D 593 276 1
14 L 4 11 1
14 D 593 11 1
15 L 8 324 1
15 D 593 324 1
16 L 9 63 1
16 D 592 63 1
17 L 7 97 1
17 D 591 97 1
18 L 4 78 1
18 D 591 78 1
19 L 5 286 1
19 D 590 286 1
20 L 6 362 1
20 D 588 362 1
21 L 9 337 1
21 D 587 337 1
22 L 9 251 1
22 D 587 251 1
23 L 5 183 1
23 D 587 183 1
24 L 0 64 1
24 D 587 64 1
25 L 0 31 1
25 D 587 31 1
26 L 6 90 1
26 D 587 90 1
27 L 4 78 1
27 D 586 78 1
28 L 0 296 1
28 D 586 296 1
29 L 7 392 1
29 D 586 392 1
0 L 4 394 1
0 D 586 394 1
1 L 0 272 1
1 D 586 272 1
2 L 1 316 1
2 D 584 316 1
3 L 4 162 1
3 D 584 162 1
4 L 6 335 1
4 D 584 335 1
5 L 5 286 1
5 D 584 286 1
6 L 6 195 1
6 D 582 195 1
7 L 7 97 1
7 D 582 97 1
8 L 9 106 1
8 D 580 106 1
9 L 0 276 1
9 D 580 276 1
10 L 5 286 1
10 D 580 286 1
11 L 3 308 1
11 D 579 308 1
12 L 5 286 1
12 D 576 286 1
13 L 5 196 1
13 D 576 196 1
14 L 7 97 1
14 D 570 97 1
15 L 8 187 1
15 D 570 187 1
16 L 1 54 1
16 D 569 54 1
17 L 9 29 1
17 D 568 29 1
18 L 8 312 1
18 D 566 312 1
19 L 1 54 1
19 D 566 54 1
20 L 2 193 1
20 D 566 193 1
21 L 8 279 1
21 D 566 279 1
22 L 9 25 1
22 D 566 25 1
23 L 9 369 1
23 D 564 369 1
24 L 3 380 1
24 D 564 380 1
25 L 1 349 1
25 D 564 349 1
26 L 3 164 1
26 D 563 164 1
27 L 6 150 1
27 D 562 150 1
28 L 5 71 1
28 D 562 71 1
29 L 6 142 1
29 D 562 142 1
0 L 6 280 1
0 D 561 280 1
1 L 7 350 1
1 D 561 350 1
2 L 9 262 1
2 D 560 262 1
3 L 5 196 1
3 D 560 196 1
4 L 5 113 1
4 D 558 113 1
5 L 7 97 1
5 D 557 97 1
6 L 6 362 1
6 D 557 362 1
7 L 7 119 1
7 D 555 119 1
8 L 8 41 1
8 D 555 41 1
9 L 5 184 1
9 D 553 184 1
10 L 7 35 1
10 D 551 35 1
11 L 1 300 1
11 D 551 300 1
12 L 7 105 1
12 D 549 105 1
13 L 9 303 1
13 D 549 303 1
14 L 6 195 1
14 D 548 195 1
15 L 5 297 1
15 D 548 297 1
16 L 5 364 1
16 D 548 364 1
17 L 3 380 1
17 D 548 380 1
18 L 0 276 1
18 D 547 276 1
19 L 8 22 1
19 D 547 22 1
20 L 7 220 1
20 D 545 220 1
21 L 5 286 1
21 D 544 286 1
22 L 5 184 1
22 D 544 184 1
23 L 1 147 1
23 D 544 147 1
24 L 5 113 1
24 D 544 113 1
25 L 7 223 1
25 D 543 223 1
26 L 0 276 1
26 D 542 276 1
27 L 9 266 1
27 D 539 266 1
28 L 0 168 1
28 D 539 168 1
29 L 0 92 1
29 D 539 92 1
0 L 1 54 1
0 D 539 54 1
1 L 6 365 1
1 D 539 365 1
2 L 6 335 1
2 D 538 335 1
3 L 8 312 1
3 D 538 312 1
4 L 3 75 1
4 D 537 75 1
5 L 1 349 1
5 D 536 349 1
6 L 3 18 1
6 D 535 18 1
7 L 6 115 1
7 D 534 115 1
8 L 7 97 1
8 D 532 97 1
9 L 9 369 1
9 D 532 369 1
10 L 0 31 1
10 D 532 31 1
11 L 5 344 1
11 D 532 344 1
12 L 4 273 1
12 D 530 273 1
13 L 1 171 1
13 D 530 171 1
14 L 3 153 1
14 D 526 153 1
15 L 0 296 1
15 D 526 296 1
16 L 1 338 1
16 D 524 338 1
17 L 2 319 1
17 D 523 319 1
18 L 8 41 1
18 D 523 41 1
19 L 3 135 1
19 D 522 135 1
20 L 1 356 1
20 D 521 356 1
21 L 3 159 1
21 D 518 159 1
22 L 7 105 1
22 D 518 105 1
23 L 0 73 1
23 D 518 73 1
24 L 4 185 1
24 D 518 185 1
25 L 1 54 1
25 D 518 54 1
26 L 5 113 1
26 D 517 113 1
27 L 0 272 1
27 D 517 272 1
28 L 8 259 1
28 D 517 259 1
29 L 6 91 1
29 D 517 91 1
0 L 8 66 1
0 D 513 66 1
1 L 7 105 1
1 D 513 105 1
2 L 8 5 1
2 D 511 5 1
3 L 6 122 1
3 D 511 122 1
4 L 6 107 1
4 D 511 107 1
5 L 7 220 1
5 D 510 220 1
6 L 6 335 1
6 D 510 335 1
7 L 7 320 1
7 D 510 320 1
8 L 8 355 1
8 D 507 355 1
9 L 2 158 1
9 D 507 158 1
10 L 9 77 1
10 D 505 77 1
11 L 5 232 1
11 D 505 232 1
12 L 8 315 1
12 D 505 315 1
13 L 9 132 1
13 D 504 132 1
14 L 9 255 1
14 D 504 255 1
15 L 9 112 1
15 D 503 112 1
16 L 6 274 1
16 D 503 274 1
17 L 7 108 1
17 D 503 108 1
18 L 0 157 1
18 D 503 157 1
19 L 3 153 1
19 D 503 153 1
20 L 9 256 1
20 D 502 256 1
21 L 3 80 1
21 D 502 80 1
22 L 7 97 1
22 D 502 97 1
23 L 9 151 1
23 D 502 151 1
24 L 7 145 1
24 D 501 145 1
25 L 1 98 1
25 D 501 98 1
26 L 9 29 1
26 D 500 29 1
27 L 1 39 1
27 D 500 39 1
28 L 0 92 1
28 D 500 92 1
29 L 4 204 1
29 D 499 204 1
0 L 2 334 1
0 D 496 334 1
1 L 3 153 1
1 D 496 153 1
2 L 1 349 1
2 D 496 349 1
3 L 5 244 1
3 D 493 244 1
4 L 0 277 1
4 D 493 277 1
5 L 9 160 1
5 D 493 160 1
6 L 3 159 1
6 D 493 159 1
7 L 9 353 1
7 D 493 353 1
8 L 8 357 1
8 D 492 357 1
9 L 6 238 1
9 D 492 238 1
10 L 7 340 1
10 D 492 340 1
11 L 2 56 1
11 D 492 56 1
12 L 3 380 1
12 D 489 380 1
13 L 2 49 1
13 D 489 49 1
14 L 1 370 1
14 D 488 370 1
15 L 8 165 1
15 D 486 165 1
16 L 8 146 1
16 D 486 146 1
17 L 2 49 1
17 D 486 49 1
18 L 9 160 1
18 D 484 160 1
19 L 6 195 1
19 D 484 195 1
20 L 3 311 1
20 D 484 311 1
21 L 5 286 1
21 D 484 286 1
22 L 9 265 1
22 D 484 265 1
23 L 3 94 1
23 D 482 94 1
24 L 8 324 1
24 D 481 324 1
25 L 8 279 1
25 D 481 279 1
26 L 6 107 1
26 D 480 107 1
27 L 6 335 1
27 D 480 335 1
28 L 7 336 1
28 D 480 336 1
29 L 8 355 1
29 D 479 355 1
0 L 9 12 1
0 D 479 12 1
1 L 3 159 1
1 D 479 159 1
2 L 6 48 1
2 D 476 48 1
3 L 6 90 1
3 D 476 90 1
4 L 8 130 1
4 D 476 130 1
5 L 3 380 1
5 D 473 380 1
6 L 3 372 1
6 D 470 372 1
7 L 6 107 1
7 D 469 107 1
8 L 7 332 1
8 D 468 332 1
9 L 6 170 1
9 D 468 170 1
10 L 5 286 1
10 D 468 286 1
11 L 8 267 1
11 D 468 267 1
12 L 5 184 1
12 D 468 184 1
13 L 8 101 1
13 D 467 101 1
14 L 6 107 1
14 D 467 107 1
15 L 2 49 1
15 D 466 49 1
16 L 4 306 1
16 D 462 306 1
17 L 4 78 1
17 D 462 78 1
18 L 1 391 1
18 D 461 391 1
19 L 9 112 1
19 D 460 112 1
20 L 8 239 1
20 D 460 239 1
21 L 6 335 1
21 D 459 335 1
22 L 8 125 1
22 D 459 125 1
23 L 3 243 1
23 D 458 243 1
24 L 7 97 1
24 D 458 97 1
25 L 6 122 1
25 D 457 122 1
26 L 1 211 1
26 D 457 211 1
27 L 5 292 1
27 D 456 292 1
28 L 5 196 1
28 D 455 196 1
29 L 6 219 1
29 D 455 219 1
0 L 9 58 1
0 D 455 58 1
1 L 7 220 1
1 D 454 220 1
2 L 0 168 1
2 D 453 168 1
3 L 4 162 1
3 D 453 162 1
4 L 9 14 1
4 D 450 14 1
5 L 3 233 1
5 D 449 233 1
6 L 2 254 1
6 D 448 254 1
7 L 3 94 1
7 D 448 94 1
8 L 5 244 1
8 D 448 244 1
9 L 8 67 1
9 D 448 67 1
10 L 8 266 1
10 D 445 266 1
11 L 2 358 1
11 D 445 358 1
12 L 1 54 1
12 D 444 54 1
13 L 3 121 1
13 D 443 121 1
14 L 3 243 1
14 D 443 243 1
15 L 9 29 1
15 D 442 29 1
16 L 2 55 1
16 D 438 55 1
17 L 6 362 1
17 D 437 362 1
18 L 2 297 1
18 D 435 297 1
19 L 2 284 1
19 D 435 284 1
20 L 6 335 1
20 D 435 335 1
21 L 8 41 1
21 D 433 41 1
22 L 3 159 1
22 D 433 159 1
23 L 5 184 1
23 D 433 184 1
24 L 8 315 1
24 D 433 315 1
25 L 5 212 1
25 D 433 212 1
26 L 1 333 1
26 D 429 333 1
27 L 9 235 1
27 D 429 235 1
28 L 7 392 1
28 D 429 392 1
29 L 6 53 1
29 D 428 53 1
0 L 9 116 1
0 D 426 116 1
1 L 1 218 1
1 D 426 218 1
2 L 7 220 1
2 D 423 220 1
3 L 9 235 1
3 D 423 235 1
4 L 9 251 1
4 D 422 251 1
5 L 1 391 1
5 D 422 391 1
6 L 7 220 1
6 D 421 220 1
7 L 2 7 1
7 D 420 7 1
8 L 8 130 1
8 D 419 130 1
9 L 8 102 1
9 D 419 102 1
10 L 9 160 1
10 D 418 160 1
11 L 6 219 1
11 D 418 219 1
12 L 3 372 1
12 D 414 372 1
13 L 9 160 1
13 D 414 160 1
14 L 8 156 1
14 D 414 156 1
15 L 4 248 1
15 D 414 248 1
16 L 0 247 1
16 D 412 247 1
17 L 6 362 1
17 D 408 362 1
18 L 1 39 1
18 D 407 39 1
19 L 9 393 1
19 D 407 393 1
20 L 8 267 1
20 D 404 267 1
21 L 5 196 1
21 D 404 196 1
22 L 7 68 1
22 D 404 68 1
23 L 7 377 1
23 D 404 377 1
24 L 6 53 1
24 D 404 53 1
25 L 1 349 1
25 D 403 349 1
26 L 7 336 1
26 D 403 336 1
27 L 1 54 1
27 D 403 54 1
28 L 5 71 1
28 D 403 71 1
29 L 1 28 1
29 D 398 28 1
0 L 2 55 1
0 D 397 55 1
1 L 6 275 1
1 D 397 275 1
2 L 8 148 1
2 D 397 148 1
3 L 9 58 1
3 D 394 58 1
4 L 7 145 1
4 D 394 145 1
5 L 3 224 1
5 D 392 224 1
6 L 0 182 1
6 D 392 182 1
7 L 6 399 1
7 D 391 399 1
8 L 1 54 1
8 D 391 54 1
9 L 0 182 1
9 D 391 182 1
10 L 9 369 1
10 D 391 369 1
11 L 0 247 1
11 D 391 247 1
12 L 0 31 1
12 D 388 31 1
13 L 2 222 1
13 D 388 222 1
14 L 2 302 1
14 D 388 302 1
15 L 8 66 1
15 D 388 66 1
16 L 7 120 1
16 D 388 120 1
17 L 5 364 1
17 D 385 364 1
18 L 8 279 1
18 D 385 279 1
19 L 4 86 1
19 D 383 86 1
20 L 4 306 1
20 D 380 306 1
21 L 2 388 1
21 D 380 388 1
22 L 9 379 1
22 D 380 379 1
23 L 6 107 1
23 D 379 107 1
24 L 4 86 1
24 D 379 86 1
25 L 6 275 1
25 D 375 275 1
26 L 0 277 1
26 D 375 277 1
27 L 3 80 1
27 D 375 80 1
28 L 6 142 1
28 D 375 142 1
29 L 0 296 1
29 D 375 296 1
0 L 0 150 1
0 D 375 150 1
1 L 7 108 1
1 D 374 108 1
2 L 1 147 1
2 D 372 147 1
3 L 6 51 1
3 D 372 51 1
4 L 7 220 1
4 D 372 220 1
5 L 9 207 1
5 D 372 207 1
6 L 0 168 1
6 D 370 168 1
7 L 3 135 1
7 D 368 135 1
8 L 0 73 1
8 D 368 73 1
9 L 7 220 1
9 D 368 220 1
10 L 6 238 1
10 D 367 238 1
11 L 3 282 1
11 D 366 282 1
12 L 6 107 1
12 D 365 107 1
13 L 4 4 1
13 D 364 4 1
14 L 6 365 1
14 D 360 365 1
15 L 8 125 1
15 D 360 125 1
16 L 2 30 1
16 D 360 30 1
17 L 1 261 1
17 D 360 261 1
18 L 8 259 1
18 D 360 259 1
19 L 3 80 1
19 D 360 80 1
20 L 8 22 1
20 D 359 22 1
21 L 0 182 1
21 D 359 182 1
22 L 1 261 1
22 D 358 261 1
23 L 3 206 1
23 D 354 206 1
24 L 5 183 1
24 D 354 183 1
25 L 7 24 1
25 D 354 24 1
26 L 8 268 1
26 D 353 268 1
27 L 3 94 1
27 D 353 94 1
28 L 6 142 1
28 D 352 142 1
29 L 0 157 1
29 D 352 157 1
0 L 9 112 1
0 D 351 112 1
1 L 3 346 1
1 D 348 346 1
2 L 2 50 1
2 D 348 50 1
3 L 4 306 1
3 D 348 306 1
4 L 8 304 1
4 D 348 304 1
5 L 1 338 1
5 D 343 338 1
6 L 7 220 1
6 D 343 220 1
7 L 1 54 1
7 D 343 54 1
8 L 9 74 1
8 D 343 74 1
9 L 8 161 1
9 D 341 161 1
10 L 3 282 1
10 D 341 282 1
11 L 7 220 1
11 D 340 220 1
12 L 0 157 1
12 D 340 157 1
13 L 9 69 1
13 D 339 69 1
14 L 6 53 1
14 D 339 53 1
15 L 4 204 1
15 D 339 204 1
16 L 3 153 1
16 D 338 153 1
17 L 8 239 1
17 D 338 239 1
18 L 3 308 1
18 D 336 308 1
19 L 6 365 1
19 D 336 365 1
20 L 1 54 1
20 D 335 54 1
21 L 8 125 1
21 D 335 125 1
22 L 6 142 1
22 D 334 142 1
23 L 7 108 1
23 D 334 108 1
24 L 2 284 1
24 D 333 284 1
25 L 7 392 1
25 D 333 392 1
26 L 2 254 1
26 D 332 254 1
27 L 2 50 1
27 D 331 50 1
28 L 9 251 1
28 D 330 251 1
29 L 9 251 1
29 D 330 251 1
0 L 7 93 1
0 D 327 93 1
1 L 5 244 1
1 D 327 244 1
2 L 8 125 1
2 D 325 125 1
3 L 3 243 1
3 D 322 243 1
4 L 1 211 1
4 D 322 211 1
5 L 4 155 1
5 D 321 155 1
6 L 5 397 1
6 D 320 397 1
7 L 5 364 1
7 D 320 364 1
8 L 0 269 1
8 D 318 269 1
9 L 9 255 1
9 D 318 255 1
10 L 4 86 1
10 D 316 86 1
11 L 8 257 1
11 D 316 257 1
12 L 2 254 1
12 D 315 254 1
13 L 6 365 1
13 D 314 365 1
14 L 0 381 1
14 D 314 381 1
15 L 8 279 1
15 D 314 279 1
16 L 2 254 1
16 D 314 254 1
17 L 1 389 1
17 D 314 389 1
18 L 3 121 1
18 D 314 121 1
19 L 6 231 1
19 D 314 231 1
20 L 5 286 1
20 D 314 286 1
21 L 8 161 1
21 D 314 161 1
22 L 3 327 1
22 D 309 327 1
23 L 6 90 1
23 D 308 90 1
24 L 1 28 1
24 D 308 28 1
25 L 5 71 1
25 D 308 71 1
26 L 2 384 1
26 D 306 384 1
27 L 8 257 1
27 D 306 257 1
28 L 5 395 1
28 D 306 395 1
29 L 1 211 1
29 D 306 211 1
0 L 3 121 1
0 D 302 121 1
1 L 5 244 1
1 D 301 244 1
2 L 5 144 1
2 D 300 144 1
3 L 8 267 1
3 D 299 267 1
4 L 0 381 1
4 D 299 381 1
5 L 7 377 1
5 D 299 377 1
6 L 7 105 1
6 D 299 105 1
7 L 7 68 1
7 D 298 68 1
8 L 8 41 1
8 D 297 41 1
9 L 9 235 1
9 D 297 235 1
10 L 9 151 1
10 D 295 151 1
11 L 5 1 1
11 D 295 1 1
12 L 7 132 1
12 D 295 132 1
13 L 7 68 1
13 D 295 68 1
14 L 9 152 1
14 D 295 152 1
15 L 3 18 1
15 D 293 18 1
16 L 1 39 1
16 D 293 39 1
17 L 5 244 1
17 D 293 244 1
18 L 1 215 1
18 D 292 215 1
19 L 6 43 1
19 D 292 43 1
20 L 6 195 1
20 D 290 195 1
21 L 5 23 1
21 D 290 23 1
22 L 0 272 1
22 D 287 272 1
23 L 8 118 1
23 D 287 118 1
24 L 9 369 1
24 D 285 369 1
25 L 8 161 1
25 D 285 161 1
26 L 7 24 1
26 D 285 24 1
27 L 2 49 1
27 D 284 49 1
28 L 5 71 1
28 D 284 71 1
29 L 3 121 1
29 D 284 121 1
0 L 9 112 1
0 D 281 112 1
1 L 9 29 1
1 D 281 29 1
2 L 5 113 1
2 D 281 113 1
3 L 8 5 1
3 D 280 5 1
4 L 0 103 1
4 D 280 103 1
5 L 9 342 1
5 D 277 342 1
6 L 3 159 1
6 D 277 159 1
7 L 2 222 1
7 D 274 222 1
8 L 6 53 1
8 D 274 53 1
9 L 5 113 1
9 D 272 113 1
10 L 1 356 1
10 D 272 356 1
11 L 3 94 1
11 D 271 94 1
12 L 2 284 1
12 D 271 284 1
13 L 0 179 1
13 D 270 179 1
14 L 6 89 1
14 D 269 89 1
15 L 5 184 1
15 D 269 184 1
16 L 8 257 1
16 D 267 257 1
17 L 3 346 1
17 D 266 346 1
18 L 9 235 1
18 D 266 235 1
19 L 3 380 1
19 D 266 380 1
20 L 0 182 1
20 D 266 182 1
21 L 8 298 1
21 D 266 298 1
22 L 5 190 1
22 D 266 190 1
23 L 0 373 1
23 D 265 373 1
24 L 5 184 1
24 D 265 184 1
25 L 9 14 1
25 D 264 14 1
26 L 7 97 1
26 D 260 97 1
27 L 5 196 1
27 D 258 196 1
28 L 9 34 1
28 D 257 34 1
29 L 3 153 1
29 D 257 153 1
0 L 3 282 1
0 D 255 282 1
1 L 0 64 1
1 D 255 64 1
2 L 0 73 1
2 D 255 73 1
3 L 1 54 1
3 D 252 54 1
4 L 3 282 1
4 D 252 282 1
5 L 8 131 1
5 D 251 131 1
6 L 5 286 1
6 D 251 286 1
7 L 9 379 1
7 D 251 379 1
8 L 3 311 1
8 D 250 311 1
9 L 1 147 1
9 D 250 147 1
10 L 1 239 1
10 D 248 239 1
11 L 1 28 1
11 D 244 28 1
12 L 5 244 1
12 D 244 244 1
13 L 9 251 1
13 D 244 251 1
14 L 3 282 1
14 D 244 282 1
15 L 1 211 1
15 D 244 211 1
16 L 6 195 1
16 D 244 195 1
17 L 7 105 1
17 D 244 105 1
18 L 7 320 1
18 D 244 320 1
19 L 3 228 1
19 D 242 228 1
20 L 0 73 1
20 D 242 73 1
21 L 3 80 1
21 D 242 80 1
22 L 9 116 1
22 D 240 116 1
23 L 7 105 1
23 D 240 105 1
24 L 2 309 1
24 D 238 309 1
25 L 3 372 1
25 D 238 372 1
26 L 0 373 1
26 D 238 373 1
27 L 2 84 1
27 D 235 84 1
28 L 3 345 1
28 D 233 345 1
29 L 9 369 1
29 D 233 369 1
0 L 6 170 1
0 D 233 170 1
1 L 2 388 1
1 D 232 388 1
2 L 1 385 1
2 D 231 385 1
3 L 5 184 1
3 D 229 184 1
4 L 8 148 1
4 D 228 148 1
5 L 5 196 1
5 D 228 196 1
6 L 3 135 1
6 D 228 135 1
7 L 8 268 1
7 D 225 268 1
8 L 5 397 1
8 D 225 397 1
9 L 8 130 1
9 D 225 130 1
10 L 5 184 1
10 D 225 184 1
11 L 7 120 1
11 D 225 120 1
12 L 8 307 1
12 D 225 307 1
13 L 2 30 1
13 D 224 30 1
14 L 7 289 1
14 D 223 289 1
15 L 7 47 1
15 D 220 47 1
16 L 5 376 1
16 D 216 376 1
17 L 5 137 1
17 D 215 137 1
18 L 6 107 1
18 D 215 107 1
19 L 1 211 1
19 D 215 211 1
20 L 0 72 1
20 D 213 72 1
21 L 6 107 1
21 D 210 107 1
22 L 8 257 1
22 D 208 257 1
23 L 5 244 1
23 D 208 244 1
24 L 7 24 1
24 D 201 24 1
25 L 0 247 1
25 D 199 247 1
26 L 3 20 1
26 D 195 20 1
27 L 3 372 1
27 D 194 372 1
28 L 2 384 1
28 D 194 384 1
29 L 3 121 1
29 D 193 121 1
0 L 5 71 1
0 D 192 71 1
1 L 9 116 1
1 D 190 116 1
2 L 3 94 1
2 D 189 94 1
3 L 5 395 1
3 D 186 395 1
4 L 7 105 1
4 D 186 105 1
5 L 1 363 1
5 D 186 363 1
6 L 5 344 1
6 D 184 344 1
7 L 2 384 1
7 D 180 384 1
8 L 2 166 1
8 D 180 166 1
9 L 9 112 1
9 D 179 112 1
10 L 8 66 1
10 D 178 66 1
11 L 2 302 1
11 D 178 302 1
12 L 8 267 1
12 D 178 267 1
13 L 8 312 1
13 D 178 312 1
14 L 1 147 1
14 D 178 147 1
15 L 6 362 1
15 D 176 362 1
16 L 3 135 1
16 D 176 135 1
17 L 0 277 1
17 D 176 277 1
18 L 2 193 1
18 D 176 193 1
19 L 4 155 1
19 D 172 155 1
20 L 1 266 1
20 D 171 266 1
21 L 6 107 1
21 D 171 107 1
22 L 8 125 1
22 D 169 125 1
23 L 5 71 1
23 D 169 71 1
24 L 9 234 1
24 D 167 234 1
25 L 0 72 1
25 D 166 72 1
26 L 7 108 1
26 D 165 108 1
27 L 5 344 1
27 D 164 344 1
28 L 8 22 1
28 D 164 22 1
29 L 5 176 1
29 D 164 176 1
0 L 0 31 1
0 D 164 31 1
1 L 9 14 1
1 D 163 14 1
2 L 0 272 1
2 D 163 272 1
3 L 3 308 1
3 D 163 308 1
4 L 9 14 1
4 D 163 14 1
5 L 7 289 1
5 D 162 289 1
6 L 0 272 1
6 D 162 272 1
7 L 0 277 1
7 D 162 277 1
8 L 0 31 1
8 D 162 31 1
9 L 7 145 1
9 D 162 145 1
10 L 6 195 1
10 D 161 195 1
11 L 0 92 1
11 D 161 92 1
12 L 9 235 1
12 D 161 235 1
13 L 8 41 1
13 D 160 41 1
14 L 9 128 1
14 D 160 128 1
15 L 9 251 1
15 D 158 251 1
16 L 6 107 1
16 D 158 107 1
17 L 5 364 1
17 D 157 364 1
18 L 7 105 1
18 D 157 105 1
19 L 9 42 1
19 D 155 42 1
20 L 3 18 1
20 D 154 18 1
21 L 0 182 1
21 D 153 182 1
22 L 5 113 1
22 D 153 113 1
23 L 7 97 1
23 D 153 97 1
24 L 2 284 1
24 D 153 284 1
25 L 1 198 1
25 D 153 198 1
26 L 9 177 1
26 D 151 177 1
27 L 9 295 1
27 D 151 295 1
28 L 7 220 1
28 D 151 220 1
29 L 4 352 1
29 D 151 352 1
0 L 9 112 1
0 D 151 112 1
1 L 9 303 1
1 D 151 303 1
2 L 5 286 1
2 D 149 286 1
3 L 8 267 1
3 D 149 267 1
4 L 6 89 1
4 D 149 89 1
5 L 2 384 1
5 D 145 384 1
6 L 6 195 1
6 D 145 195 1
7 L 3 121 1
7 D 145 121 1
8 L 0 73 1
8 D 143 73 1
9 L 0 157 1
9 D 143 157 1
10 L 3 13 1
10 D 142 13 1
11 L 6 305 1
11 D 141 305 1
12 L 9 235 1
12 D 141 235 1
13 L 6 231 1
13 D 140 231 1
14 L 1 198 1
14 D 140 198 1
15 L 7 313 1
15 D 138 313 1
16 L 7 320 1
16 D 138 320 1
17 L 5 344 1
17 D 138 344 1
18 L 7 331 1
18 D 138 331 1
19 L 9 37 1
19 D 138 37 1
20 L 3 159 1
20 D 137 159 1
21 L 7 97 1
21 D 137 97 1
22 L 7 132 1
22 D 137 132 1
23 L 1 333 1
23 D 136 333 1
24 L 3 372 1
24 D 136 372 1
25 L 6 51 1
25 D 136 51 1
26 L 5 395 1
26 D 136 395 1
27 L 2 222 1
27 D 136 222 1
28 L 9 25 1
28 D 136 25 1
29 L 6 79 1
29 D 136 79 1
0 L 0 272 1
0 D 134 272 1
1 L 2 49 1
1 D 131 49 1
2 L 9 342 1
2 D 130 342 1
3 L 5 113 1
3 D 129 113 1
4 L 7 37 1
4 D 129 37 1
5 L 8 267 1
5 D 129 267 1
6 L 2 358 1
6 D 129 358 1
7 L 2 358 1
7 D 126 358 1
8 L 9 353 1
8 D 125 353 1
9 L 7 105 1
9 D 125 105 1
10 L 0 157 1
10 D 125 157 1
11 L 2 254 1
11 D 124 254 1
12 L 6 305 1
12 D 122 305 1
13 L 9 251 1
13 D 121 251 1
14 L 6 51 1
14 D 118 51 1
15 L 0 296 1
15 D 118 296 1
16 L 7 392 1
16 D 112 392 1
17 L 5 364 1
17 D 112 364 1
18 L 2 7 1
18 D 112 7 1
19 L 5 196 1
19 D 112 196 1
20 L 6 90 1
20 D 111 90 1
21 L 8 298 1
21 D 110 298 1
22 L 2 309 1
22 D 110 309 1
23 L 7 331 1
23 D 109 331 1
24 L 7 68 1
24 D 109 68 1
25 L 2 384 1
25 D 109 384 1
26 L 5 395 1
26 D 108 395 1
27 L 4 226 1
27 D 104 226 1
28 L 9 256 1
28 D 104 256 1
29 L 6 335 1
29 D 104 335 1
0 L 8 161 1
0 D 104 161 1
1 L 6 399 1
1 D 104 399 1
2 L 0 277 1
2 D 102 277 1
3 L 2 7 1
3 D 101 7 1
4 L 6 362 1
4 D 101 362 1
5 L 6 238 1
5 D 98 238 1
6 L 8 130 1
6 D 95 130 1
7 L 7 220 1
7 D 94 220 1
8 L 4 342 1
8 D 93 342 1
9 L 6 89 1
9 D 91 89 1
10 L 7 320 1
10 D 91 320 1
11 L 7 47 1
11 D 88 47 1
12 L 4 394 1
12 D 87 394 1
13 L 9 160 1
13 D 87 160 1
14 L 3 135 1
14 D 87 135 1
15 L 6 142 1
15 D 86 142 1
16 L 0 157 1
16 D 84 157 1
17 L 0 296 1
17 D 84 296 1
18 L 7 68 1
18 D 84 68 1
19 L 2 358 1
19 D 82 358 1
20 L 1 333 1
20 D 80 333 1
21 L 8 367 1
21 D 76 367 1
22 L 4 273 1
22 D 75 273 1
23 L 2 388 1
23 D 75 388 1
24 L 4 139 1
24 D 75 139 1
25 L 4 78 1
25 D 75 78 1
26 L 9 337 1
26 D 73 337 1
27 L 2 158 1
27 D 73 158 1
28 L 3 153 1
28 D 72 153 1
29 L 2 87 1
29 D 72 87 1
0 L 8 367 1
0 D 72 367 1
1 L 8 298 1
1 D 72 298 1
2 L 0 73 1
2 D 72 73 1
3 L 3 243 1
3 D 71 243 1
4 L 9 12 1
4 D 70 12 1
5 L 8 131 1
5 D 70 131 1
6 L 7 93 1
6 D 70 93 1
7 L 2 193 1
7 D 66 193 1
8 L 3 308 1
8 D 66 308 1
9 L 3 311 1
9 D 66 311 1
10 L 8 312 1
10 D 65 312 1
11 L 5 376 1
11 D 64 376 1
12 L 2 49 1
12 D 64 49 1
13 L 3 243 1
13 D 63 243 1
14 L 8 146 1
14 D 63 146 1
15 L 0 168 1
15 D 63 168 1
16 L 3 224 1
16 D 63 224 1
17 L 3 372 1
17 D 61 372 1
18 L 1 338 1
18 D 59 338 1
19 L 4 162 1
19 D 59 162 1
20 L 9 235 1
20 D 59 235 1
21 L 2 384 1
21 D 58 384 1
22 L 5 183 1
22 D 57 183 1
23 L 0 276 1
23 D 53 276 1
24 L 0 272 1
24 D 53 272 1
25 L 6 142 1
25 D 52 142 1
26 L 0 73 1
26 D 52 73 1
27 L 3 153 1
27 D 52 153 1
28 L 9 116 1
28 D 52 116 1
29 L 2 388 1
29 D 51 388 1
0 L 9 34 1
0 D 51 34 1
1 L 6 335 1
1 D 51 335 1
2 L 1 370 1
2 D 44 370 1
3 L 1 363 1
3 D 38 363 1
4 L 2 384 1
4 D 38 384 1
5 L 1 261 1
5 D 37 261 1
6 L 3 121 1
6 D 35 121 1
7 L 9 369 1
7 D 35 369 1
8 L 5 113 1
8 D 34 113 1
9 L 3 159 1
9 D 33 159 1
10 L 8 41 1
10 D 32 41 1
11 L 4 86 1
11 D 31 86 1
12 L 4 139 1
12 D 31 139 1
13 L 5 144 1
13 D 31 144 1
14 L 8 67 1
14 D 30 67 1
15 L 3 380 1
15 D 30 380 1
16 L 2 44 1
16 D 30 44 1
17 L 3 224 1
17 D 29 224 1
18 L 2 388 1
18 D 29 388 1
19 L 6 89 1
19 D 29 89 1
20 L 8 21 1
20 D 26 21 1
21 L 7 105 1
21 D 26 105 1
22 L 3 121 1
22 D 23 121 1
23 L 3 224 1
23 D 23 224 1
24 L 4 82 1
24 D 23 82 1
25 L 0 373 1
25 D 22 373 1
26 L 2 84 1
26 D 21 84 1
27 L 1 211 1
27 D 21 211 1
28 L 5 395 1
28 D 20 395 1
29 L 9 109 1
29 D 19 109 1
0 L 5 344 1
0 D 18 344 1
1 L 8 66 1
1 D 13 66 1
2 L 1 385 1
2 D 9 385 1
3 L 8 41 1
3 D 8 41 1
4 L 2 49 1
4 D 7 49 1
5 L 2 55 1
5 D 6 55 1
6 L 3 372 1
6 D 5 372 1
7 L 8 165 1
7 D 5 165 1
8 L 1 338 1
8 D 5 338 1
