200
0 L 0 910 1
0 D 799 910 1
0 L 0 593 1
0 D 798 593 1
0 L 0 779 1
0 D 797 779 1
0 L 0 223 1
0 D 796 223 1
0 L 0 492 1
0 D 795 492 1
0 L 0 159 1
0 D 794 159 1
0 L 0 690 1
0 D 793 690 1
0 L 0 841 1
0 D 792 841 1
0 L 0 235 1
0 D 791 235 1
0 L 0 508 1
0 D 790 508 1
0 L 0 150 1
0 D 789 150 1
0 L 0 316 1
0 D 788 316 1
0 L 0 588 1
0 D 787 588 1
0 L 0 541 1
0 D 786 541 1
0 L 0 727 1
0 D 785 727 1
0 L 0 836 1
0 D 784 836 1
0 L 0 906 1
0 D 783 906 1
0 L 0 41 1
0 D 782 41 1
0 L 0 172 1
0 D 781 172 1
0 L 0 560 1
0 D 780 560 1
0 L 0 224 1
0 D 779 224 1
0 L 0 365 1
0 D 778 365 1
0 L 0 247 1
0 D 777 247 1
0 L 0 432 1
0 D 776 432 1
0 L 0 70 1
0 D 775 70 1
0 L 0 517 1
0 D 774 517 1
0 L 0 157 1
0 D 773 157 1
0 L 0 370 1
0 D 772 370 1
0 L 0 306 1
0 D 771 306 1
0 L 0 500 1
0 D 770 500 1
0 L 0 691 1
0 D 769 691 1
0 L 0 384 1
0 D 768 384 1
0 L 0 557 1
0 D 767 557 1
0 L 0 673 1
0 D 766 673 1
0 L 0 121 1
0 D 765 121 1
0 L 0 541 1
0 D 764 541 1
0 L 0 649 1
0 D 763 649 1
0 L 0 783 1
0 D 762 783 1
0 L 0 500 1
0 D 761 500 1
0 L 0 34 1
0 D 760 34 1
0 L 0 919 1
0 D 759 919 1
0 L 0 129 1
0 D 758 129 1
0 L 0 951 1
0 D 757 951 1
0 L 0 978 1
0 D 756 978 1
0 L 0 879 1
0 D 755 879 1
0 L 0 809 1
0 D 754 809 1
0 L 0 211 1
0 D 753 211 1
0 L 0 339 1
0 D 752 339 1
0 L 0 806 1
0 D 751 806 1
0 L 0 159 1
0 D 750 159 1
0 L 0 107 1
0 D 749 107 1
0 L 0 598 1
0 D 748 598 1
0 L 0 380 1
0 D 747 380 1
0 L 0 827 1
0 D 746 827 1
0 L 0 880 1
0 D 745 880 1
0 L 0 214 1
0 D 744 214 1
0 L 0 16 1
0 D 743 16 1
0 L 0 512 1
0 D 742 512 1
0 L 0 86 1
0 D 741 86 1
0 L 0 214 1
0 D 740 214 1
0 L 0 142 1
0 D 739 142 1
0 L 0 76 1
0 D 738 76 1
0 L 0 361 1
0 D 737 361 1
0 L 0 78 1
0 D 736 78 1
0 L 0 100 1
0 D 735 100 1
0 L 0 287 1
0 D 734 287 1
0 L 0 474 1
0 D 733 474 1
0 L 0 591 1
0 D 732 591 1
0 L 0 388 1
0 D 731 388 1
0 L 0 600 1
0 D 730 600 1
0 L 0 366 1
0 D 729 366 1
0 L 0 719 1
0 D 728 719 1
0 L 0 81 1
0 D 727 81 1
0 L 0 711 1
0 D 726 711 1
0 L 0 911 1
0 D 725 911 1
0 L 0 83 1
0 D 724 83 1
0 L 0 290 1
0 D 723 290 1
0 L 0 61 1
0 D 722 61 1
0 L 0 399 1
0 D 721 399 1
0 L 0 883 1
0 D 720 883 1
0 L 0 743 1
0 D 719 743 1
0 L 0 710 1
0 D 718 710 1
0 L 0 28 1
0 D 717 28 1
0 L 0 478 1
0 D 716 478 1
0 L 0 379 1
0 D 715 379 1
0 L 0 136 1
0 D 714 136 1
0 L 0 963 1
0 D 713 963 1
0 L 0 601 1
0 D 712 601 1
0 L 0 549 1
0 D 711 549 1
0 L 0 704 1
0 D 710 704 1
0 L 0 907 1
0 D 709 907 1
0 L 0 996 1
0 D 708 996 1
0 L 0 742 1
0 D 707 742 1
0 L 0 615 1
0 D 706 615 1
0 L 0 538 1
0 D 705 538 1
0 L 0 167 1
0 D 704 167 1
0 L 0 389 1
0 D 703 389 1
0 L 0 101 1
0 D 702 101 1
0 L 0 811 1
0 D 701 811 1
0 L 0 649 1
0 D 700 649 1
